0,19,500,-613,316,-33,-353,-457,445,-445,94,651,-229,447,61,-275,0,0
0,20,508,-618,315,-30,-353,-463,445,-427,94,651,-229,447,61,-277,0,0
0,21,509,-619,313,-21,-357,-464,445,-433,94,651,-229,447,61,-276,0,0
0,22,502,-615,313,-26,-361,-457,445,-444,94,651,-229,446,61,-273,0,0
0,23,503,-617,310,-36,-355,-458,444,-430,94,651,-229,446,61,-276,0,0
0,24,505,-621,309,-34,-356,-462,446,-420,94,651,-229,445,61,-283,0,0
0,25,503,-617,312,-28,-364,-461,446,-435,94,651,-230,450,61,-281,-1,0
0,26,503,-612,312,-30,-360,-463,438,-447,94,651,-232,455,61,-274,0,0
0,27,504,-614,307,-34,-356,-466,439,-443,94,651,-232,451,61,-278,0,0
0,28,504,-613,306,-34,-359,-464,445,-437,94,651,-232,444,61,-281,0,0
0,29,506,-610,307,-32,-357,-463,441,-444,94,651,-232,446,61,-274,0,0
0,30,507,-613,309,-27,-356,-460,435,-444,94,651,-232,448,61,-266,0,0
0,31,506,-617,310,-30,-359,-458,443,-424,94,651,-232,445,61,-270,0,0
0,32,508,-618,307,-36,-355,-461,459,-421,94,651,-232,447,61,-278,0,0
0,33,510,-617,309,-30,-353,-462,462,-437,94,651,-232,450,61,-279,0,0
0,34,504,-617,315,-22,-352,-460,447,-448,94,651,-232,446,61,-278,0,0
0,35,499,-615,309,-27,-351,-461,435,-449,94,651,-233,450,61,-277,0,0
0,36,506,-615,304,-28,-353,-464,443,-439,94,651,-233,453,62,-279,0,0
0,37,511,-618,310,-26,-355,-466,451,-427,94,651,-229,447,63,-278,0,0
0,38,506,-617,312,-27,-355,-465,446,-436,94,651,-227,450,63,-273,0,0
0,39,502,-612,310,-23,-356,-461,436,-450,94,651,-230,452,63,-274,0,0
0,40,501,-611,313,-24,-358,-462,439,-443,94,651,-230,447,63,-275,0,0
0,41,500,-617,315,-31,-359,-465,448,-435,94,651,-228,447,63,-277,0,0
0,42,504,-616,310,-33,-353,-463,445,-437,93,651,-229,452,63,-279,0,0
0,43,504,-613,305,-27,-349,-460,441,-439,94,651,-229,451,63,-278,0,0
0,44,500,-618,308,-24,-352,-460,443,-442,94,651,-229,446,63,-276,-1,0
0,45,505,-621,309,-26,-353,-462,440,-433,92,651,-229,447,63,-279,0,0
0,46,507,-617,308,-25,-352,-465,442,-417,91,651,-229,456,63,-279,-1,0
0,47,501,-615,308,-25,-355,-464,451,-425,93,651,-229,455,63,-279,-1,0
0,48,502,-617,306,-27,-357,-464,448,-442,94,651,-229,447,63,-280,-1,0
0,49,507,-614,308,-26,-352,-463,446,-436,94,651,-229,450,63,-276,-1,0
0,50,505,-611,316,-28,-349,-459,452,-433,94,651,-229,454,63,-277,0,0
0,51,503,-616,315,-32,-356,-458,445,-451,94,651,-229,446,63,-281,0,0
0,52,504,-619,309,-28,-365,-462,436,-455,94,651,-229,443,63,-280,0,0
0,53,504,-615,313,-25,-363,-464,444,-442,94,651,-231,449,63,-279,-1,0
0,54,507,-612,313,-35,-355,-458,450,-442,94,651,-232,447,63,-278,0,0
0,55,504,-615,308,-33,-359,-458,441,-450,94,651,-230,445,63,-277,-1,0
0,56,500,-620,311,-25,-361,-463,435,-442,94,651,-230,449,63,-280,0,0
0,57,503,-618,314,-33,-357,-464,452,-420,94,651,-231,453,63,-284,0,0
0,58,504,-615,307,-36,-355,-462,468,-407,94,651,-230,450,63,-279,0,0
0,59,499,-617,306,-24,-357,-465,457,-423,94,651,-230,445,63,-276,0,0
0,60,503,-619,313,-23,-355,-465,441,-446,94,651,-230,448,63,-282,0,0
0,61,512,-615,314,-29,-351,-458,446,-438,94,651,-230,452,63,-280,0,0
0,62,506,-614,309,-26,-353,-460,463,-420,94,651,-230,449,63,-275,0,0
0,63,499,-617,311,-23,-353,-465,460,-431,94,651,-230,448,63,-275,0,0
0,64,507,-618,313,-28,-354,-461,445,-449,94,651,-230,453,63,-278,0,0
0,65,510,-619,312,-34,-356,-461,453,-429,94,651,-230,451,63,-278,0,0
0,66,503,-615,314,-32,-356,-468,475,-396,94,651,-230,446,63,-279,0,0
0,67,502,-613,310,-28,-352,-464,477,-406,94,651,-230,446,63,-280,0,0
0,68,503,-616,303,-29,-350,-458,459,-443,94,651,-230,449,63,-279,0,0
0,69,505,-612,308,-26,-357,-463,460,-446,94,651,-230,451,63,-277,0,0
0,70,508,-611,311,-20,-359,-467,465,-419,94,651,-230,448,63,-278,0,0
0,71,509,-617,306,-25,-354,-459,455,-409,94,651,-230,450,63,-280,0,0
0,72,505,-617,307,-33,-351,-459,459,-413,94,651,-230,458,63,-281,0,0
0,73,502,-612,315,-34,-352,-466,469,-414,94,651,-230,457,63,-278,0,0
0,74,503,-611,318,-29,-351,-463,469,-411,94,651,-230,449,63,-275,0,0
0,75,506,-616,315,-28,-353,-459,467,-407,94,652,-230,450,63,-275,0,0
0,76,506,-616,310,-30,-352,-464,472,-410,94,651,-230,452,63,-275,0,0
0,77,501,-612,307,-29,-350,-466,476,-405,94,649,-230,446,63,-276,0,0
0,78,503,-611,312,-26,-354,-463,476,-385,94,649,-230,446,63,-278,0,0
0,79,508,-611,314,-25,-355,-461,473,-395,94,650,-230,451,63,-281,0,0
0,80,504,-614,308,-27,-353,-461,468,-435,94,649,-230,452,63,-281,0,0
0,81,503,-613,306,-29,-353,-458,472,-440,94,649,-230,448,63,-278,0,0
0,82,509,-611,307,-26,-355,-458,470,-416,94,650,-230,445,63,-281,0,0
0,83,513,-614,311,-23,-352,-458,461,-414,94,650,-230,446,63,-283,0,0
0,84,513,-616,315,-26,-351,-457,466,-410,94,650,-230,453,63,-279,0,0
0,85,510,-616,310,-28,-353,-461,469,-404,94,650,-230,453,63,-275,0,0
0,86,503,-617,303,-27,-352,-460,466,-414,94,650,-230,448,63,-278,0,0
0,87,502,-616,305,-26,-353,-457,473,-415,94,650,-230,449,63,-278,0,0
0,88,505,-614,312,-28,-359,-462,469,-416,94,650,-230,451,63,-279,0,0
0,89,502,-618,314,-27,-361,-466,446,-441,94,650,-230,454,63,-279,0,0
0,90,500,-616,311,-25,-352,-459,443,-444,94,650,-230,456,63,-275,0,0
0,91,502,-613,310,-27,-350,-457,467,-406,94,650,-230,449,63,-276,0,0
0,92,502,-618,313,-26,-357,-465,467,-393,94,650,-230,450,63,-280,0,0
0,93,501,-620,311,-23,-358,-465,444,-433,94,650,-230,453,63,-277,0,0
0,94,505,-620,309,-25,-352,-462,435,-458,94,650,-230,445,63,-273,0,0
0,95,510,-621,312,-30,-353,-462,440,-432,94,650,-230,443,63,-274,0,0
0,96,507,-621,308,-29,-355,-464,461,-406,94,650,-230,452,63,-276,-1,0
0,97,504,-616,306,-30,-354,-463,471,-419,94,650,-230,454,63,-278,0,0
0,98,503,-611,312,-33,-354,-460,458,-430,94,650,-230,453,63,-278,-1,0
0,99,501,-611,310,-33,-352,-463,456,-428,94,649,-230,452,63,-279,-1,0
0,100,498,-613,305,-31,-350,-469,469,-435,94,649,-230,447,63,-278,0,0
0,101,497,-612,312,-24,-359,-466,470,-432,94,649,-230,448,63,-272,-1,0
0,102,496,-611,315,-27,-359,-459,469,-417,94,650,-230,446,63,-276,0,0
0,103,499,-614,308,-32,-352,-460,474,-410,94,649,-230,446,63,-282,0,0
0,104,505,-618,302,-31,-361,-463,474,-393,94,650,-230,448,63,-274,0,0
0,105,503,-617,305,-30,-365,-462,473,-378,94,653,-230,447,63,-274,0,0
0,106,504,-613,309,-31,-358,-461,460,-406,94,655,-230,446,63,-283,0,0
0,107,506,-612,311,-30,-363,-460,449,-435,94,655,-230,446,63,-275,0,0
0,108,504,-617,309,-28,-370,-462,463,-422,94,655,-230,447,63,-271,0,0
0,109,502,-621,306,-28,-358,-464,465,-411,94,655,-230,450,63,-277,0,0
0,110,507,-616,309,-25,-350,-464,444,-416,94,655,-230,449,63,-275,0,0
0,111,513,-613,309,-34,-353,-465,439,-415,94,654,-230,443,63,-276,0,0
0,112,508,-614,308,-41,-353,-462,461,-423,94,651,-230,450,63,-280,0,0
0,113,501,-616,309,-26,-352,-459,474,-435,94,648,-230,458,63,-277,0,0
0,114,504,-616,310,-22,-349,-461,474,-429,94,649,-230,453,63,-274,0,0
0,115,513,-616,309,-34,-352,-460,464,-421,94,649,-230,449,63,-278,0,0
0,116,510,-615,309,-37,-360,-460,446,-417,94,649,-230,451,63,-282,0,0
0,117,503,-613,310,-29,-361,-465,450,-410,94,649,-230,454,63,-279,0,0
0,118,503,-614,309,-33,-355,-464,461,-409,94,649,-230,449,63,-278,0,0
0,119,502,-615,313,-34,-351,-462,457,-424,94,649,-230,447,63,-281,0,0
0,120,498,-616,316,-31,-351,-466,449,-439,94,649,-230,454,63,-284,0,0
0,121,500,-620,311,-30,-355,-466,448,-434,94,649,-230,455,63,-280,0,0
0,122,502,-618,304,-27,-362,-461,452,-415,94,649,-230,451,63,-279,0,-1
0,123,500,-608,306,-29,-363,-464,466,-408,94,649,-230,454,63,-284,-1,0
0,124,502,-611,311,-31,-360,-467,474,-418,94,649,-230,456,63,-282,0,0
0,125,506,-621,313,-28,-357,-466,462,-413,94,649,-230,447,63,-275,0,0
0,126,501,-616,309,-23,-355,-465,453,-408,94,649,-230,443,63,-275,0,0
0,127,498,-613,305,-22,-353,-465,447,-428,94,649,-230,450,63,-278,0,0
0,128,499,-620,307,-33,-347,-464,441,-441,94,649,-230,455,63,-274,0,0
0,0,506,-622,308,-34,-352,-464,446,-428,94,649,-230,455,63,-275,0,0
0,1,510,-616,308,-29,-365,-466,460,-430,94,649,-230,448,63,-283,0,0
0,2,503,-613,308,-32,-362,-465,473,-445,94,649,-230,443,63,-282,0,0
0,3,494,-614,307,-34,-349,-462,463,-444,94,649,-230,453,63,-276,0,0
0,4,502,-614,305,-27,-357,-464,448,-439,94,649,-230,461,63,-277,0,0
0,5,508,-614,310,-34,-363,-465,460,-440,94,649,-230,452,63,-281,0,0
0,6,501,-615,315,-44,-353,-464,478,-428,94,649,-230,449,63,-279,0,0
0,7,502,-615,310,-36,-351,-464,473,-413,94,649,-230,459,63,-271,0,0
0,8,506,-615,305,-36,-354,-465,460,-420,94,649,-230,454,63,-275,0,0
0,9,499,-616,309,-39,-350,-462,461,-438,94,650,-230,441,63,-284,0,0
0,10,501,-616,309,-34,-354,-463,465,-444,94,649,-230,445,63,-281,0,0
0,11,508,-614,303,-31,-362,-465,461,-440,94,648,-230,448,63,-276,0,0
0,12,503,-611,306,-32,-357,-464,457,-442,94,653,-230,444,63,-277,0,0
0,13,500,-613,310,-28,-349,-462,452,-441,94,656,-230,448,63,-279,0,0
0,14,510,-613,306,-27,-352,-464,442,-420,94,654,-230,449,63,-280,-1,0
0,15,511,-610,307,-34,-354,-468,448,-389,94,653,-230,447,63,-279,-1,0
0,16,507,-612,311,-33,-353,-463,474,-376,94,653,-230,450,63,-277,-1,0
0,17,511,-617,308,-22,-351,-459,481,-394,94,653,-230,450,63,-277,-1,0
0,18,511,-612,311,-19,-351,-462,466,-410,94,654,-230,447,63,-281,-1,0
0,19,508,-607,316,-27,-357,-461,460,-410,94,656,-230,451,63,-280,-1,0
1,20,505,-614,308,-27,-361,-458,471,-414,94,654,-230,456,63,-279,-1,0
1,21,503,-617,303,-21,-356,-459,491,-409,94,652,-230,450,63,-281,-1,0
1,22,508,-612,310,-28,-352,-460,504,-395,94,651,-230,442,63,-277,-1,0
1,23,508,-613,310,-31,-354,-461,503,-402,94,651,-230,446,63,-277,0,0
1,24,502,-613,308,-27,-354,-465,492,-418,94,653,-230,452,63,-278,0,0
1,25,499,-612,314,-30,-352,-465,478,-412,94,652,-230,446,63,-277,0,0
1,26,502,-614,315,-32,-349,-462,470,-414,94,650,-230,445,63,-279,0,0
1,27,506,-612,307,-28,-352,-462,470,-419,94,654,-230,456,63,-281,0,0
1,28,508,-605,306,-27,-360,-458,475,-402,94,650,-230,457,63,-278,0,0
1,29,505,-608,307,-27,-360,-459,476,-388,94,635,-230,448,63,-279,0,0
1,30,502,-616,307,-32,-357,-462,475,-391,94,631,-230,447,63,-283,0,0
1,31,507,-615,314,-34,-364,-454,474,-397,94,636,-230,452,63,-283,0,0
1,32,502,-613,316,-21,-367,-452,475,-411,94,636,-230,455,63,-281,0,0
1,33,499,-616,311,-21,-354,-464,474,-438,94,634,-230,454,63,-281,0,0
1,34,504,-615,309,-32,-349,-464,481,-435,94,636,-230,448,63,-282,0,0
1,35,505,-612,310,-23,-357,-456,489,-415,94,636,-230,445,63,-279,0,0
1,36,505,-615,314,-16,-355,-460,478,-425,94,636,-230,450,63,-276,0,0
1,37,502,-615,315,-25,-351,-463,469,-435,94,636,-230,449,63,-283,0,0
1,38,500,-616,313,-27,-350,-458,471,-431,94,636,-230,444,63,-285,0,0
1,39,501,-616,313,-22,-347,-458,466,-436,94,636,-230,451,63,-273,0,0
1,40,506,-611,314,-23,-349,-461,461,-434,94,636,-230,457,63,-270,0,0
1,41,508,-609,313,-28,-355,-461,471,-414,94,636,-230,453,63,-276,0,0
1,42,509,-616,312,-27,-353,-461,479,-408,94,636,-230,450,63,-278,0,0
1,43,505,-618,312,-24,-348,-456,481,-403,94,636,-230,451,63,-276,0,0
1,44,498,-618,315,-24,-348,-455,477,-396,94,635,-230,448,63,-276,0,0
1,45,500,-619,316,-27,-350,-459,467,-409,94,635,-230,447,63,-272,0,0
1,46,504,-614,307,-27,-354,-462,468,-423,94,637,-230,450,63,-276,0,0
1,47,506,-612,304,-26,-356,-462,472,-423,94,634,-230,449,63,-283,0,0
1,48,503,-614,311,-26,-351,-459,476,-417,94,635,-230,449,63,-280,0,0
1,49,497,-614,313,-25,-349,-459,476,-422,94,647,-230,451,63,-274,0,0
1,50,501,-612,311,-26,-350,-462,449,-447,94,655,-230,453,63,-275,0,0
1,51,507,-614,312,-29,-356,-462,436,-459,94,653,-230,451,63,-277,0,0
1,52,508,-613,314,-29,-363,-457,464,-445,94,651,-230,449,63,-277,0,0
1,53,509,-611,312,-26,-360,-460,477,-443,94,652,-230,452,63,-279,0,0
1,54,506,-614,309,-23,-352,-465,463,-439,94,649,-230,451,63,-278,0,0
1,55,503,-621,312,-27,-347,-462,469,-424,94,651,-230,447,63,-276,0,0
1,56,501,-621,309,-35,-351,-461,472,-436,94,652,-230,446,63,-278,0,0
1,57,502,-615,303,-34,-359,-463,459,-449,94,651,-230,450,63,-278,0,0
1,58,504,-618,304,-28,-358,-462,462,-435,94,652,-230,448,63,-271,0,0
1,59,506,-624,308,-30,-359,-463,472,-433,94,655,-230,446,63,-274,-1,0
1,60,505,-618,306,-32,-364,-464,470,-441,94,656,-230,453,63,-284,-1,0
1,61,504,-613,307,-26,-361,-461,475,-416,94,655,-230,458,63,-280,0,0
1,62,502,-616,309,-24,-357,-462,480,-401,94,651,-230,451,63,-274,-1,0
1,63,498,-616,306,-28,-357,-465,462,-424,94,649,-230,442,63,-282,-1,0
1,64,504,-613,308,-26,-354,-460,455,-428,94,651,-230,447,63,-282,-1,0
1,65,507,-616,313,-24,-357,-461,466,-412,94,652,-230,450,63,-275,-1,0
1,66,500,-619,312,-30,-361,-467,471,-419,94,650,-230,448,63,-278,-1,0
1,67,499,-621,312,-34,-356,-467,468,-434,94,649,-230,447,63,-281,-1,0
1,68,506,-621,311,-32,-354,-465,471,-426,94,650,-230,450,63,-275,0,0
1,69,507,-615,307,-34,-357,-466,472,-414,94,650,-230,452,63,-275,0,0
1,70,500,-612,307,-39,-355,-466,469,-422,94,649,-230,447,63,-280,-1,0
1,71,500,-617,310,-39,-354,-465,467,-431,94,649,-230,443,63,-280,0,0
1,72,504,-617,312,-37,-356,-464,470,-423,94,649,-230,449,63,-280,0,0
1,73,501,-616,313,-41,-358,-462,481,-405,94,650,-230,455,63,-282,0,0
1,74,498,-620,312,-38,-357,-462,480,-412,94,649,-230,449,63,-281,0,0
1,75,504,-620,312,-28,-350,-463,462,-431,94,649,-230,444,63,-277,0,0
1,76,505,-615,312,-30,-350,-461,462,-422,94,652,-230,444,63,-280,0,0
1,77,498,-619,307,-31,-357,-458,476,-416,94,653,-230,449,61,-280,0,0
1,78,500,-619,306,-18,-356,-460,474,-430,94,651,-230,455,60,-278,0,0
1,79,508,-611,311,-16,-350,-462,467,-422,94,649,-230,453,60,-280,0,0
1,80,504,-610,312,-25,-349,-460,476,-395,94,651,-230,448,60,-280,0,0
1,81,497,-615,312,-28,-350,-461,481,-404,94,650,-230,453,62,-274,0,0
1,82,503,-617,310,-28,-356,-462,464,-432,94,649,-230,458,64,-273,0,0
1,83,504,-615,306,-31,-363,-460,444,-442,94,650,-230,447,64,-278,0,0
1,84,500,-615,306,-26,-358,-460,437,-451,94,650,-230,440,63,-277,0,0
1,85,504,-614,312,-25,-350,-465,443,-458,94,649,-230,454,63,-276,0,0
1,86,505,-612,312,-27,-350,-467,443,-453,94,650,-230,459,63,-280,0,0
1,87,502,-612,307,-25,-352,-464,436,-449,94,650,-230,447,63,-280,0,0
1,88,501,-613,309,-24,-355,-464,447,-444,94,650,-230,445,63,-276,0,0
1,89,504,-613,313,-28,-356,-466,469,-433,94,650,-230,452,63,-274,0,0
1,90,506,-613,308,-27,-354,-463,473,-417,94,650,-230,453,63,-278,0,0
1,91,510,-619,306,-23,-354,-460,472,-405,94,650,-230,452,63,-282,0,0
1,92,505,-621,312,-25,-354,-461,479,-412,94,650,-230,448,63,-282,0,0
1,93,501,-617,309,-28,-355,-462,465,-442,94,650,-230,447,63,-279,0,0
1,94,510,-617,302,-29,-355,-459,452,-450,94,650,-230,453,63,-280,0,0
1,95,515,-618,306,-32,-354,-458,462,-419,94,650,-230,452,63,-278,0,0
1,96,507,-615,314,-38,-352,-462,466,-403,94,650,-230,449,63,-278,0,0
1,97,498,-614,310,-36,-351,-463,461,-417,94,650,-230,452,63,-281,0,0
1,98,500,-614,305,-27,-353,-460,473,-421,94,650,-230,450,63,-280,0,0
1,99,501,-610,309,-23,-356,-464,480,-412,94,650,-230,444,63,-281,0,0
1,100,500,-613,308,-26,-355,-467,464,-420,94,650,-230,450,63,-281,0,0
1,101,502,-621,303,-26,-352,-465,445,-438,94,650,-230,452,63,-280,0,0
1,102,502,-617,307,-21,-354,-461,444,-448,94,650,-230,446,63,-280,0,0
1,103,501,-612,311,-21,-355,-462,462,-444,94,650,-230,450,63,-279,0,0
1,104,504,-619,308,-25,-352,-462,477,-427,94,650,-230,456,63,-278,0,0
1,105,502,-622,306,-29,-352,-466,473,-416,94,650,-230,451,63,-273,0,0
1,106,501,-616,308,-34,-351,-466,470,-420,94,650,-230,447,63,-273,0,0
1,107,503,-612,310,-35,-352,-462,472,-421,94,650,-230,451,63,-281,0,0
1,108,501,-615,312,-28,-354,-460,476,-408,94,650,-230,451,63,-283,0,0
1,109,504,-617,309,-28,-352,-462,476,-404,94,650,-230,449,63,-273,0,0
1,110,511,-613,303,-32,-348,-465,468,-426,94,650,-230,450,63,-272,0,0
1,111,514,-612,303,-28,-351,-465,467,-440,94,650,-230,454,63,-279,0,0
1,112,509,-614,307,-22,-353,-463,474,-429,94,650,-230,454,63,-279,0,0
1,113,503,-611,311,-25,-352,-461,463,-423,94,650,-230,450,63,-280,0,0
1,114,502,-613,310,-31,-352,-461,449,-430,94,650,-230,449,63,-280,0,0
1,115,505,-619,310,-28,-357,-463,459,-430,94,650,-230,449,63,-276,0,0
1,116,503,-615,313,-27,-361,-464,464,-428,94,650,-230,449,63,-274,0,0
1,117,498,-606,313,-32,-360,-463,444,-444,94,650,-230,453,63,-276,0,0
1,118,501,-609,309,-32,-359,-462,434,-452,94,650,-230,454,63,-279,0,0
1,119,502,-618,311,-31,-361,-464,442,-434,94,650,-230,445,63,-279,0,0
1,120,502,-614,312,-32,-358,-466,451,-414,94,650,-230,443,63,-277,0,0
1,121,502,-609,312,-29,-353,-463,465,-408,94,650,-230,453,63,-278,0,0
1,122,499,-615,311,-30,-351,-463,476,-407,94,650,-230,454,63,-280,0,0
1,123,502,-618,307,-30,-358,-467,474,-411,94,650,-230,451,63,-280,0,0
1,124,504,-613,306,-26,-361,-463,475,-414,94,650,-230,453,63,-280,0,0
1,125,503,-618,311,-24,-352,-456,480,-410,94,650,-230,454,63,-281,0,0
1,126,504,-623,310,-29,-348,-459,461,-423,94,650,-230,448,63,-278,0,0
1,127,505,-617,305,-35,-354,-466,442,-454,94,650,-230,446,63,-277,0,0
1,128,505,-613,309,-34,-355,-465,462,-446,94,650,-230,449,63,-279,0,0
1,0,505,-617,309,-29,-358,-464,482,-420,94,650,-230,451,63,-279,0,0
1,1,503,-620,310,-29,-366,-468,473,-423,94,650,-230,447,63,-277,0,0
1,2,501,-617,316,-33,-357,-462,471,-427,94,650,-230,449,63,-276,0,0
1,3,504,-616,315,-29,-351,-456,485,-413,94,650,-230,455,63,-276,0,0
1,4,506,-616,309,-26,-360,-462,482,-412,94,650,-230,452,63,-272,-1,0
1,5,506,-615,310,-28,-357,-464,472,-413,94,650,-230,448,63,-274,0,0
1,6,503,-614,313,-30,-351,-458,475,-400,94,650,-230,455,63,-280,-1,0
1,7,499,-616,310,-37,-355,-458,475,-407,94,650,-230,461,63,-279,0,0
1,8,505,-617,309,-35,-354,-462,469,-408,94,650,-230,456,63,-280,0,0
1,9,511,-616,309,-20,-350,-462,475,-384,94,650,-230,449,63,-281,-1,0
1,10,506,-617,305,-21,-359,-464,471,-402,94,650,-230,448,63,-279,0,0
1,11,498,-617,309,-35,-360,-466,450,-448,94,650,-230,448,63,-279,0,0
1,12,501,-613,315,-30,-349,-465,458,-445,94,650,-230,450,63,-283,0,0
1,13,504,-613,313,-24,-347,-466,473,-424,94,650,-230,452,63,-284,0,0
1,14,500,-618,311,-35,-356,-465,464,-427,94,650,-230,453,63,-282,0,0
1,15,501,-621,313,-38,-361,-463,463,-420,94,650,-230,449,63,-280,0,0
1,16,502,-615,312,-32,-359,-460,469,-405,94,650,-230,447,63,-275,0,0
1,17,500,-613,314,-29,-358,-457,450,-424,94,650,-230,447,63,-274,0,0
1,18,503,-616,313,-29,-359,-460,433,-447,94,650,-230,453,63,-279,0,0
1,19,503,-615,311,-30,-355,-466,448,-435,94,650,-230,463,63,-281,0,0
2,20,498,-612,315,-30,-348,-462,464,-417,94,650,-230,458,63,-280,0,0
2,21,497,-616,312,-27,-353,-456,476,-406,94,650,-230,445,63,-278,0,0
2,22,502,-617,306,-22,-353,-460,473,-403,94,650,-230,445,63,-269,0,0
2,23,500,-613,312,-27,-351,-468,451,-423,94,650,-230,453,63,-266,0,0
2,24,502,-612,317,-35,-360,-463,451,-442,94,650,-230,450,63,-276,0,0
2,25,507,-618,310,-32,-360,-457,474,-425,94,650,-230,449,63,-283,0,0
2,26,500,-617,308,-25,-354,-459,479,-404,94,650,-230,453,63,-279,0,0
2,27,500,-609,309,-32,-356,-461,462,-418,94,650,-230,451,63,-282,0,0
2,28,510,-610,309,-35,-356,-461,457,-439,94,650,-230,445,63,-286,0,0
2,29,507,-618,312,-27,-356,-463,467,-440,94,650,-230,447,63,-280,0,0
2,30,499,-617,312,-25,-365,-464,466,-440,94,650,-230,453,63,-278,0,0
2,31,501,-611,309,-29,-368,-464,451,-448,94,650,-230,443,63,-280,-1,0
2,32,505,-613,307,-28,-359,-462,439,-440,94,650,-230,438,63,-277,0,0
2,33,502,-618,309,-27,-353,-461,443,-423,94,650,-230,452,63,-277,-1,0
2,34,501,-616,313,-29,-350,-462,449,-435,94,650,-230,461,63,-280,-1,0
2,35,504,-614,314,-31,-349,-462,454,-442,94,650,-230,453,63,-280,-1,0
2,36,506,-612,311,-27,-351,-465,456,-420,94,650,-230,443,63,-279,-1,0
2,37,503,-613,310,-23,-353,-469,449,-423,94,650,-230,444,63,-278,-1,0
2,38,509,-612,315,-24,-353,-464,441,-445,94,650,-230,450,63,-278,-1,0
2,39,515,-611,315,-30,-353,-457,440,-431,94,650,-230,453,63,-279,-1,0
2,40,506,-612,310,-35,-358,-459,449,-408,94,650,-230,452,63,-280,-1,0
2,41,500,-614,308,-29,-365,-465,471,-405,94,650,-230,450,63,-277,-1,0
2,42,504,-615,315,-20,-361,-460,476,-409,94,650,-230,450,63,-275,-1,0
2,43,503,-617,317,-24,-352,-456,453,-425,94,650,-230,448,63,-278,0,0
2,44,499,-619,313,-28,-352,-462,449,-430,94,650,-230,447,63,-279,0,0
2,45,502,-615,312,-25,-363,-465,465,-414,94,650,-230,448,63,-273,0,0
2,46,503,-614,312,-35,-364,-460,463,-412,94,650,-230,450,63,-271,0,0
2,47,499,-620,312,-40,-359,-462,457,-419,94,650,-230,452,63,-274,0,0
2,48,502,-622,312,-27,-356,-466,465,-413,94,650,-230,449,63,-278,0,0
2,49,502,-616,311,-25,-354,-461,462,-413,94,650,-230,442,63,-279,0,0
2,50,501,-612,310,-35,-357,-464,459,-420,94,650,-230,443,63,-280,0,0
2,51,506,-615,308,-30,-363,-468,465,-419,94,650,-230,448,63,-280,0,0
2,52,507,-614,307,-26,-362,-461,466,-407,94,650,-230,450,63,-279,0,0
2,53,502,-615,308,-32,-358,-461,468,-394,94,650,-230,447,63,-278,0,0
2,54,499,-620,312,-38,-362,-467,475,-402,94,650,-230,444,63,-278,0,0
2,55,503,-618,313,-35,-364,-464,469,-421,94,650,-230,448,63,-282,0,0
2,56,505,-615,311,-28,-356,-460,466,-416,94,650,-230,449,63,-283,0,0
2,57,506,-618,309,-25,-352,-464,473,-409,94,650,-230,445,63,-279,0,0
2,58,506,-619,307,-30,-360,-468,475,-410,94,650,-230,447,63,-275,0,0
2,59,504,-618,307,-27,-363,-465,471,-408,94,650,-230,455,63,-279,0,0
2,60,500,-617,311,-22,-361,-461,468,-422,94,650,-230,452,63,-284,0,0
2,61,500,-614,315,-27,-361,-462,460,-441,94,650,-230,445,63,-280,0,0
2,62,507,-610,312,-28,-357,-462,442,-447,94,650,-230,450,63,-279,0,0
2,63,508,-611,310,-26,-354,-459,445,-444,94,650,-230,452,63,-282,0,0
2,64,501,-614,314,-29,-360,-461,470,-425,94,650,-230,446,63,-279,0,0
2,65,501,-612,314,-29,-360,-463,474,-407,94,650,-230,449,63,-275,0,0
2,66,505,-611,307,-27,-351,-462,464,-413,94,650,-230,450,63,-278,0,0
2,67,505,-614,307,-26,-352,-464,474,-410,94,649,-230,443,63,-278,0,0
2,68,501,-615,307,-28,-354,-462,477,-393,94,649,-230,443,63,-278,0,0
2,69,502,-614,306,-28,-349,-460,456,-421,94,649,-230,450,63,-282,0,0
2,70,504,-614,308,-22,-350,-463,448,-450,94,650,-230,451,63,-281,0,0
2,71,504,-613,308,-20,-357,-465,463,-426,94,649,-230,449,63,-279,0,0
2,72,504,-614,309,-24,-354,-465,475,-409,94,650,-230,453,63,-278,0,0
2,73,504,-614,311,-26,-354,-466,475,-428,94,654,-230,455,63,-277,0,0
2,74,506,-613,309,-26,-362,-462,466,-439,94,655,-230,451,63,-277,0,0
2,75,507,-615,305,-26,-359,-461,444,-440,94,649,-230,448,63,-280,0,0
2,76,503,-618,309,-26,-351,-463,433,-448,94,648,-230,448,63,-280,0,0
2,77,504,-617,310,-28,-350,-460,455,-452,94,651,-230,447,63,-280,0,0
2,78,503,-620,308,-32,-354,-464,468,-443,94,652,-230,446,63,-279,0,0
2,79,501,-619,311,-30,-360,-465,459,-440,94,650,-230,450,63,-279,0,0
2,80,508,-613,309,-24,-359,-459,461,-463,94,651,-230,446,63,-282,0,0
2,81,511,-612,311,-22,-352,-460,470,-477,94,652,-230,446,63,-277,0,0
2,82,504,-619,314,-27,-351,-462,474,-450,94,651,-230,460,63,-271,0,0
2,83,502,-623,310,-31,-358,-458,475,-443,94,651,-230,457,63,-278,-1,0
2,84,503,-617,310,-26,-355,-459,471,-468,94,651,-230,447,63,-284,0,0
2,85,503,-613,313,-23,-349,-461,468,-458,94,651,-230,452,63,-281,-1,0
2,86,504,-614,313,-24,-356,-460,469,-436,94,651,-230,457,63,-280,-1,0
2,87,502,-614,314,-25,-364,-462,457,-449,94,651,-230,454,63,-283,-1,0
2,88,500,-612,314,-28,-356,-462,453,-446,94,651,-230,454,63,-278,-1,0
2,89,504,-616,311,-37,-348,-463,467,-421,94,651,-230,452,63,-271,-1,0
2,90,505,-622,312,-43,-350,-467,470,-431,94,651,-230,450,63,-273,-1,0
2,91,502,-618,314,-34,-356,-462,474,-448,94,651,-230,450,63,-281,-1,0
2,92,501,-611,312,-26,-362,-456,470,-442,94,651,-230,450,63,-280,-1,0
2,93,501,-612,311,-34,-363,-461,446,-446,94,651,-230,453,63,-277,0,0
2,94,500,-617,313,-39,-355,-466,448,-454,94,651,-230,450,63,-281,0,0
2,95,500,-615,314,-29,-351,-464,476,-443,94,651,-230,445,63,-278,0,0
2,96,500,-611,314,-18,-358,-463,475,-437,94,651,-230,452,63,-273,0,0
2,97,501,-614,311,-23,-364,-463,463,-458,94,652,-230,452,63,-277,0,0
2,98,504,-617,308,-34,-357,-464,470,-471,94,653,-230,443,63,-277,0,0
2,99,504,-616,308,-30,-347,-463,464,-469,94,651,-230,442,63,-272,0,0
2,100,501,-616,311,-27,-351,-458,445,-463,94,651,-230,455,62,-272,0,0
2,101,499,-619,312,-34,-359,-457,437,-459,94,654,-230,461,61,-274,0,0
2,102,499,-619,308,-34,-353,-459,445,-446,94,646,-230,451,60,-277,0,0
2,103,501,-619,308,-24,-352,-463,469,-425,94,632,-230,442,61,-278,0,0
2,104,502,-618,311,-25,-356,-467,471,-425,94,633,-230,446,61,-279,0,0
2,105,500,-615,311,-29,-353,-464,445,-443,94,637,-230,458,61,-280,0,0
2,106,503,-615,311,-24,-353,-459,448,-448,94,635,-230,458,61,-276,0,0
2,107,505,-616,314,-20,-354,-460,474,-431,94,634,-230,452,61,-273,0,0
2,108,499,-613,315,-32,-350,-464,475,-423,94,637,-230,453,62,-279,0,0
2,109,498,-612,313,-37,-356,-465,461,-440,94,636,-230,455,63,-283,0,0
2,110,507,-618,313,-29,-364,-463,450,-466,94,636,-231,449,63,-280,0,0
2,111,506,-616,311,-33,-358,-463,438,-486,94,636,-230,448,64,-280,0,0
2,112,497,-610,311,-38,-351,-463,441,-486,94,636,-230,453,64,-282,0,0
2,113,496,-610,312,-27,-358,-461,457,-474,94,636,-231,445,63,-281,0,0
2,114,503,-616,313,-20,-363,-461,469,-445,94,636,-229,446,62,-278,0,0
2,115,503,-615,313,-28,-359,-465,476,-420,94,636,-227,453,63,-277,0,0
2,116,497,-612,313,-30,-353,-466,462,-430,94,636,-230,445,63,-276,0,0
2,117,505,-615,312,-29,-351,-463,446,-446,94,636,-231,447,63,-273,0,-1
2,118,514,-616,311,-26,-352,-463,460,-430,94,636,-229,461,63,-273,0,0
2,119,508,-614,311,-20,-356,-465,480,-406,94,636,-228,455,63,-273,0,0
2,120,499,-616,314,-25,-363,-463,472,-410,94,636,-230,443,63,-270,0,0
2,121,502,-617,313,-26,-360,-459,452,-437,94,636,-231,447,63,-274,0,0
2,122,506,-619,309,-25,-351,-461,436,-475,94,636,-231,452,63,-276,0,0
2,123,502,-620,312,-26,-351,-462,443,-482,94,636,-230,455,63,-275,0,0
2,124,498,-616,314,-22,-358,-460,474,-450,94,636,-230,456,63,-279,-1,0
2,125,499,-611,311,-21,-361,-462,479,-448,94,636,-231,448,63,-277,-1,0
2,126,504,-614,309,-31,-354,-462,447,-479,94,636,-230,445,63,-272,-1,0
2,127,504,-616,310,-34,-355,-461,438,-479,94,636,-230,449,63,-275,-1,0
2,128,502,-612,312,-23,-359,-464,466,-451,94,636,-230,453,63,-278,-1,0
2,0,499,-612,311,-23,-356,-462,477,-445,94,636,-230,457,63,-278,-1,0
2,1,497,-615,313,-28,-357,-459,468,-453,94,636,-230,459,63,-277,0,0
2,2,501,-614,312,-24,-360,-462,482,-439,94,636,-230,457,63,-274,-1,0
2,3,507,-612,307,-24,-354,-464,495,-425,94,636,-230,453,63,-274,-1,0
2,4,506,-616,307,-30,-351,-462,483,-426,94,636,-230,448,63,-278,-1,0
2,5,501,-617,313,-26,-361,-465,462,-440,94,636,-230,448,63,-278,-1,0
2,6,501,-614,313,-23,-362,-460,443,-458,94,636,-230,448,63,-278,0,0
2,7,500,-613,310,-27,-356,-453,454,-464,94,636,-230,448,63,-279,0,0
2,8,502,-610,313,-25,-353,-459,489,-447,94,635,-230,450,63,-279,0,0
2,9,507,-609,313,-21,-351,-462,490,-442,94,635,-230,455,63,-280,0,0
2,10,503,-613,309,-26,-351,-453,465,-466,94,637,-230,459,63,-279,0,0
2,11,501,-613,310,-30,-351,-454,465,-476,94,635,-230,454,63,-280,0,0
2,12,508,-615,311,-28,-353,-462,458,-470,94,634,-230,448,63,-282,0,0
2,13,508,-619,309,-26,-354,-461,435,-469,94,646,-230,451,63,-281,0,0
2,14,499,-619,312,-27,-351,-456,446,-462,94,655,-230,452,63,-280,0,0
2,15,498,-619,311,-33,-353,-459,471,-450,94,653,-230,447,63,-282,0,0
2,16,505,-620,305,-33,-355,-466,473,-444,94,652,-230,449,63,-282,0,0
2,17,509,-615,311,-25,-351,-464,469,-448,94,654,-230,449,63,-278,0,0
2,18,507,-612,318,-22,-351,-457,471,-445,94,650,-230,444,63,-279,0,0
2,19,500,-614,311,-28,-352,-462,476,-422,94,649,-230,452,63,-279,0,0
3,20,499,-611,307,-28,-350,-469,479,-406,94,652,-230,462,63,-273,0,0
3,21,501,-611,310,-24,-360,-464,472,-421,94,651,-230,453,63,-275,0,0
3,22,501,-616,310,-25,-365,-461,449,-453,94,651,-230,445,63,-280,0,0
3,23,501,-621,311,-28,-351,-465,438,-469,94,651,-230,457,63,-277,0,0
3,24,498,-620,310,-28,-352,-461,446,-466,94,651,-230,460,63,-274,0,0
3,25,497,-615,310,-24,-362,-458,455,-459,94,651,-230,444,63,-276,0,0
3,26,502,-612,315,-23,-358,-464,466,-448,94,651,-230,442,63,-277,0,0
3,27,502,-615,315,-26,-353,-463,478,-434,94,651,-230,455,63,-281,0,0
3,28,502,-619,311,-26,-358,-461,479,-426,94,652,-230,451,63,-282,0,0
3,29,505,-615,313,-24,-355,-463,475,-430,94,651,-230,445,63,-275,-1,0
3,30,503,-614,315,-26,-352,-462,477,-426,94,652,-230,454,63,-269,0,0
3,31,502,-616,311,-25,-357,-463,476,-418,94,655,-230,456,63,-274,-1,0
3,32,505,-614,309,-22,-356,-463,470,-429,94,655,-230,448,63,-281,0,0
3,33,500,-614,312,-28,-358,-461,470,-431,94,651,-230,445,63,-279,0,0
3,34,499,-618,308,-37,-365,-460,472,-430,94,649,-230,447,63,-277,0,0
3,35,509,-615,304,-32,-365,-461,464,-440,94,651,-230,456,63,-278,0,0
3,36,507,-611,311,-25,-355,-461,458,-450,94,652,-230,464,63,-277,0,0
3,37,497,-614,314,-25,-352,-458,466,-444,94,651,-230,454,63,-281,0,0
3,38,499,-616,309,-27,-355,-458,477,-432,94,651,-230,445,63,-285,0,0
3,39,507,-618,310,-28,-350,-462,468,-430,94,651,-230,451,63,-280,0,0
3,40,509,-617,312,-26,-349,-466,454,-438,94,651,-230,447,63,-280,0,0
3,41,502,-613,311,-24,-355,-461,457,-451,94,651,-230,439,63,-281,0,0
3,42,496,-611,314,-25,-353,-456,471,-440,94,651,-230,449,63,-274,0,0
3,43,504,-613,313,-25,-350,-460,476,-429,94,651,-229,459,63,-274,0,0
3,44,509,-614,306,-25,-362,-463,473,-439,94,651,-228,451,63,-279,0,0
3,45,498,-618,305,-25,-364,-464,477,-432,94,651,-229,450,63,-280,0,0
3,46,497,-619,311,-26,-355,-462,470,-418,94,651,-231,460,63,-278,0,0
3,47,510,-615,314,-31,-361,-461,449,-430,94,651,-232,455,63,-272,0,0
3,48,511,-614,312,-31,-366,-466,444,-448,94,651,-232,447,63,-268,0,0
3,49,498,-613,310,-25,-355,-469,458,-449,94,651,-232,452,63,-278,0,0
3,50,498,-612,310,-26,-353,-464,470,-441,94,651,-232,449,63,-283,-1,0
3,51,506,-614,310,-28,-357,-460,466,-427,94,651,-232,440,63,-277,-1,0
3,52,505,-616,308,-24,-353,-458,467,-412,94,651,-232,446,63,-277,-1,0
3,53,498,-619,306,-24,-358,-460,482,-398,94,651,-232,454,63,-278,-1,0
3,54,501,-618,311,-25,-367,-463,497,-389,94,651,-232,451,63,-278,-1,0
3,55,506,-615,317,-24,-356,-463,507,-397,94,651,-232,444,63,-280,-1,0
3,56,504,-619,314,-27,-347,-461,501,-416,94,651,-232,446,63,-278,0,0
3,57,505,-622,313,-26,-358,-463,475,-430,94,651,-232,452,63,-269,-1,0
3,58,507,-619,316,-22,-365,-463,475,-419,94,652,-232,448,63,-269,0,0
3,59,504,-620,313,-25,-355,-462,508,-383,94,651,-232,444,63,-280,0,0
3,60,500,-619,309,-26,-348,-464,506,-378,94,650,-232,447,63,-281,0,0
3,61,503,-611,311,-23,-351,-461,474,-415,94,653,-232,449,63,-275,0,0
3,62,504,-614,313,-28,-358,-461,471,-433,94,654,-232,448,63,-274,0,0
3,63,503,-621,314,-28,-361,-464,476,-422,94,650,-232,447,63,-277,0,0
3,64,503,-617,313,-23,-357,-463,467,-418,94,649,-232,446,63,-275,0,0
3,65,499,-614,309,-28,-356,-464,469,-415,94,651,-232,449,63,-275,0,0
3,66,501,-616,309,-34,-355,-466,475,-413,94,652,-232,453,63,-279,0,0
3,67,509,-613,309,-28,-356,-464,478,-415,94,651,-232,452,63,-280,0,0
3,68,506,-611,306,-23,-360,-460,479,-412,94,649,-232,447,63,-277,0,0
3,69,499,-616,306,-32,-356,-461,472,-419,94,647,-232,445,63,-277,0,0
3,70,506,-620,311,-35,-353,-464,468,-432,94,650,-232,448,63,-278,0,0
3,71,509,-616,314,-26,-360,-466,475,-431,94,652,-232,448,63,-278,0,0
3,72,503,-612,312,-21,-356,-464,478,-425,94,650,-232,444,63,-277,0,0
3,73,505,-615,309,-24,-348,-462,467,-426,94,649,-232,446,63,-279,0,0
3,74,505,-619,310,-24,-356,-463,467,-412,94,650,-232,449,63,-278,0,0
3,75,500,-619,312,-25,-356,-461,470,-406,94,650,-232,448,63,-273,0,0
3,76,502,-616,313,-31,-348,-456,459,-432,94,649,-232,448,63,-270,0,0
3,77,504,-615,312,-29,-352,-461,458,-438,94,649,-232,449,63,-273,0,0
3,78,499,-615,306,-25,-354,-467,472,-421,94,650,-232,450,63,-277,0,0
3,79,499,-617,306,-27,-357,-464,474,-430,94,650,-232,446,63,-274,0,0
3,80,502,-622,311,-29,-367,-461,466,-429,94,650,-232,445,63,-274,0,0
3,81,509,-619,311,-26,-365,-463,470,-411,94,650,-232,451,63,-281,0,0
3,82,512,-614,307,-26,-354,-462,474,-426,94,650,-232,451,63,-278,0,0
3,83,506,-614,310,-27,-356,-462,473,-451,94,650,-232,448,63,-271,-1,0
3,84,503,-616,312,-27,-358,-462,476,-443,94,650,-232,452,63,-275,0,0
3,85,505,-614,307,-25,-356,-460,467,-438,94,650,-232,449,63,-280,0,0
3,86,502,-614,305,-25,-360,-458,457,-442,94,650,-232,446,63,-273,-1,0
3,87,500,-618,307,-29,-363,-458,466,-434,94,650,-232,455,63,-270,0,0
3,88,506,-617,307,-31,-362,-460,471,-424,94,650,-232,454,63,-276,-1,0
3,89,507,-611,310,-27,-361,-464,468,-416,94,650,-232,443,63,-279,0,0
3,90,503,-612,311,-24,-357,-466,474,-409,94,650,-232,446,63,-277,0,0
3,91,503,-617,308,-23,-350,-462,477,-407,94,650,-232,450,63,-276,0,0
3,92,503,-616,310,-22,-353,-459,471,-395,94,650,-232,446,63,-277,0,0
3,93,500,-614,315,-23,-353,-462,470,-391,94,650,-232,445,63,-277,0,0
3,94,502,-612,313,-26,-350,-463,462,-422,94,650,-232,448,63,-280,0,0
3,95,501,-609,312,-25,-357,-459,453,-451,94,650,-232,446,63,-281,0,0
3,96,499,-613,316,-24,-357,-456,459,-441,94,650,-232,446,63,-277,0,0
3,97,504,-615,315,-28,-350,-459,469,-418,94,650,-232,450,63,-277,0,0
3,98,504,-612,309,-30,-356,-462,469,-411,94,650,-232,450,63,-279,0,0
3,99,505,-614,308,-28,-362,-464,456,-428,94,650,-232,446,63,-277,0,0
3,100,509,-618,311,-27,-354,-465,450,-438,94,650,-232,447,62,-278,0,0
3,101,506,-617,315,-26,-357,-464,466,-418,94,650,-232,450,61,-282,0,0
3,102,500,-615,313,-31,-363,-464,479,-404,94,650,-232,447,60,-282,0,0
3,103,503,-616,307,-33,-359,-465,473,-418,94,650,-232,444,61,-279,0,0
3,104,504,-614,306,-26,-359,-464,467,-429,94,650,-232,450,62,-279,0,0
3,105,499,-610,311,-24,-357,-466,475,-422,94,650,-232,453,63,-279,0,0
3,106,498,-611,312,-29,-350,-468,476,-410,94,650,-232,449,63,-279,0,0
3,107,502,-614,311,-26,-351,-463,472,-402,94,650,-232,447,63,-279,0,0
3,108,503,-613,310,-26,-358,-461,468,-424,94,650,-232,449,63,-280,0,0
3,109,502,-613,312,-31,-361,-462,468,-447,94,650,-232,450,63,-278,0,0
3,110,503,-617,311,-22,-359,-461,476,-427,94,650,-232,450,63,-277,0,0
3,111,506,-617,307,-18,-351,-463,468,-418,94,650,-232,447,63,-277,0,0
3,112,502,-615,308,-27,-351,-465,448,-441,94,650,-232,446,63,-279,0,0
3,113,497,-613,312,-26,-362,-461,454,-445,94,650,-232,449,63,-282,0,0
3,114,500,-610,306,-20,-363,-460,467,-429,94,650,-232,449,63,-283,0,0
3,115,501,-614,303,-27,-355,-461,452,-427,94,650,-232,445,63,-280,0,0
3,116,500,-620,311,-32,-360,-460,443,-433,94,650,-232,446,63,-275,0,0
3,117,498,-618,317,-25,-366,-460,464,-426,94,650,-232,450,63,-274,0,0
3,118,500,-612,310,-22,-357,-460,476,-407,94,650,-232,449,63,-276,0,0
3,119,503,-615,304,-26,-350,-457,476,-391,94,650,-232,447,63,-279,0,0
3,120,504,-622,307,-31,-352,-459,476,-401,94,650,-232,448,63,-278,0,0
3,121,502,-621,313,-31,-357,-462,471,-419,94,650,-232,449,63,-280,0,0
3,122,502,-612,312,-27,-361,-461,478,-414,94,650,-232,447,63,-283,0,0
3,123,504,-614,310,-23,-360,-460,479,-413,94,650,-232,445,63,-280,0,0
3,124,502,-621,313,-23,-357,-461,456,-434,94,650,-232,448,63,-278,0,0
3,125,502,-619,313,-27,-357,-461,438,-449,94,650,-232,449,63,-280,0,0
3,126,505,-615,309,-32,-361,-463,438,-447,94,650,-232,447,63,-281,0,0
3,127,507,-612,306,-30,-365,-464,442,-435,94,650,-232,448,63,-276,0,0
3,128,509,-611,309,-24,-360,-464,457,-422,94,650,-232,445,63,-271,0,0
3,0,505,-612,316,-26,-351,-464,476,-403,94,650,-232,447,63,-272,0,0
3,1,500,-612,315,-27,-354,-466,476,-377,94,650,-232,457,63,-276,0,0
3,2,503,-611,313,-24,-359,-464,471,-368,94,650,-232,456,62,-280,0,0
3,3,508,-613,314,-25,-351,-460,476,-392,94,650,-232,448,65,-280,0,0
3,4,506,-616,312,-25,-350,-460,474,-417,94,650,-232,450,61,-279,0,0
3,5,503,-618,312,-20,-361,-459,483,-415,94,650,-232,451,56,-277,0,0
3,6,508,-615,315,-24,-362,-454,502,-407,94,650,-232,446,59,-276,0,0
3,7,510,-610,311,-32,-352,-458,489,-411,94,650,-232,447,61,-275,0,0
3,8,506,-611,303,-30,-350,-464,467,-415,94,650,-232,448,59,-277,0,0
3,9,505,-614,308,-29,-353,-460,468,-417,94,650,-232,445,57,-281,-1,0
3,10,504,-613,317,-30,-349,-459,477,-419,94,650,-232,448,59,-281,0,0
3,11,502,-616,314,-29,-343,-467,474,-410,94,650,-232,453,61,-274,-1,0
3,12,508,-618,312,-27,-347,-464,473,-402,94,650,-232,450,63,-271,-1,0
3,13,510,-612,313,-27,-354,-456,475,-399,94,650,-232,447,63,-275,-1,0
3,14,503,-609,312,-30,-352,-458,475,-380,94,650,-232,452,62,-274,-1,0
3,15,502,-614,311,-31,-354,-462,475,-367,94,650,-232,452,63,-273,-1,0
3,16,511,-615,312,-26,-363,-459,471,-393,94,650,-232,445,63,-277,0,0
3,17,514,-613,312,-23,-360,-459,470,-426,94,650,-232,444,63,-282,0,0
3,18,509,-614,311,-28,-351,-462,473,-425,94,650,-232,450,63,-281,0,0
3,19,503,-613,312,-25,-351,-459,478,-408,94,650,-233,449,63,-278,0,0
4,20,504,-610,312,-22,-351,-456,478,-398,94,650,-232,448,63,-274,0,0
4,21,506,-609,314,-27,-349,-460,473,-401,94,650,-230,448,63,-277,0,0
4,22,504,-612,313,-25,-353,-462,470,-413,94,650,-231,447,63,-276,0,0
4,23,505,-615,310,-22,-355,-462,471,-413,94,650,-231,446,63,-270,0,0
4,24,508,-613,311,-24,-350,-462,473,-403,94,650,-229,447,63,-276,0,0
4,25,508,-609,308,-24,-353,-461,474,-400,94,650,-228,448,63,-282,0,0
4,26,505,-610,305,-25,-359,-462,470,-400,94,650,-229,447,63,-283,0,0
4,27,502,-616,310,-27,-353,-462,468,-386,94,650,-229,446,63,-282,0,0
4,28,502,-618,310,-25,-349,-462,471,-376,94,650,-229,447,63,-274,0,0
4,29,505,-613,307,-26,-351,-462,472,-397,94,650,-229,450,63,-268,0,0
4,30,508,-613,308,-34,-357,-463,466,-419,94,650,-229,451,61,-274,0,0
4,31,506,-618,307,-33,-364,-462,467,-411,94,650,-229,448,60,-281,0,0
4,32,500,-615,308,-27,-360,-461,472,-402,94,650,-229,446,62,-279,0,0
4,33,505,-610,307,-28,-354,-462,458,-416,94,650,-229,450,64,-276,0,0
4,34,509,-615,304,-30,-357,-465,451,-420,94,650,-229,449,63,-277,0,0
4,35,502,-617,305,-23,-365,-462,473,-400,94,650,-229,442,62,-282,0,0
4,36,498,-613,309,-22,-366,-458,484,-391,94,650,-229,448,63,-280,0,0
4,37,501,-617,312,-32,-358,-461,470,-402,94,650,-229,459,63,-275,0,0
4,38,505,-623,309,-36,-353,-465,466,-404,94,650,-229,452,63,-278,0,0
4,39,502,-618,307,-28,-358,-464,471,-393,94,649,-229,440,63,-281,0,0
4,40,500,-613,308,-30,-367,-464,468,-395,94,649,-229,446,63,-279,0,0
4,41,504,-616,306,-40,-363,-463,470,-408,94,650,-229,452,63,-280,0,0
4,42,506,-618,305,-37,-357,-461,474,-409,94,649,-229,448,63,-281,0,-1
4,43,499,-618,309,-28,-359,-461,475,-392,94,649,-229,448,63,-274,0,-1
4,44,497,-620,308,-29,-362,-465,483,-380,94,651,-229,449,63,-268,0,0
4,45,504,-621,305,-33,-356,-463,482,-384,94,654,-230,445,63,-276,0,0
4,46,504,-619,307,-36,-348,-460,467,-395,94,652,-231,446,63,-284,0,0
4,47,500,-616,309,-37,-352,-461,462,-388,94,652,-231,452,63,-281,0,0
4,48,502,-613,312,-30,-359,-462,472,-374,94,654,-232,451,63,-276,-1,0
4,49,501,-615,308,-22,-358,-462,478,-373,94,651,-233,446,63,-277,0,0
4,50,502,-618,304,-29,-353,-461,478,-378,94,648,-232,446,63,-278,-1,0
4,51,506,-614,312,-34,-353,-463,472,-393,94,651,-232,447,63,-278,0,0
4,52,501,-610,316,-23,-357,-465,465,-416,94,652,-232,446,63,-277,-1,0
4,53,499,-615,307,-21,-356,-464,482,-402,94,651,-232,446,63,-277,0,0
4,54,508,-617,304,-31,-353,-463,508,-364,94,651,-232,447,63,-279,0,0
4,55,507,-610,309,-31,-356,-462,506,-363,94,651,-232,450,63,-280,0,0
4,56,501,-609,308,-23,-357,-460,508,-367,94,651,-232,450,63,-279,0,0
4,57,505,-613,307,-23,-353,-463,505,-363,94,651,-232,446,63,-277,0,0
4,58,505,-613,309,-27,-356,-465,480,-381,94,651,-232,444,63,-274,0,0
4,59,501,-614,309,-30,-355,-458,479,-392,94,651,-232,449,63,-276,-1,0
4,60,501,-620,309,-27,-347,-455,503,-381,94,651,-232,452,63,-278,0,0
4,61,505,-622,313,-28,-352,-462,501,-382,94,651,-232,449,63,-278,0,0
4,62,503,-619,313,-36,-363,-466,494,-383,94,651,-232,450,63,-278,0,0
4,63,498,-617,309,-36,-357,-462,507,-377,94,651,-232,452,63,-279,0,0
4,64,501,-615,310,-26,-346,-462,494,-392,94,652,-232,447,63,-277,0,0
4,65,507,-617,308,-25,-352,-462,474,-397,94,651,-232,444,63,-273,0,0
4,66,502,-619,304,-28,-361,-459,479,-375,94,651,-232,456,63,-275,0,0
4,67,497,-615,305,-32,-357,-458,480,-374,94,651,-232,466,63,-281,0,0
4,68,506,-614,312,-35,-350,-460,473,-391,94,651,-232,456,63,-280,0,0
4,69,509,-616,318,-31,-354,-457,473,-392,94,651,-232,447,63,-276,0,0
4,70,502,-616,314,-23,-364,-454,479,-380,94,651,-232,448,63,-275,0,0
4,71,503,-615,309,-23,-368,-460,495,-374,94,651,-232,449,63,-279,0,0
4,72,507,-616,310,-27,-362,-461,504,-379,94,651,-233,447,63,-280,0,0
4,73,505,-617,312,-27,-353,-458,485,-391,94,652,-232,448,63,-278,0,0
4,74,502,-618,312,-25,-349,-464,471,-394,94,651,-232,451,63,-280,0,0
4,75,503,-613,314,-24,-351,-466,476,-386,94,650,-233,447,63,-282,0,0
4,76,501,-608,315,-23,-355,-461,470,-387,94,648,-231,445,63,-283,0,0
4,77,495,-610,312,-26,-353,-459,474,-391,94,648,-228,451,63,-282,0,0
4,78,499,-613,312,-27,-349,-462,497,-379,94,649,-228,454,62,-279,0,0
4,79,505,-615,314,-25,-357,-461,506,-354,94,647,-231,449,61,-278,0,0
4,80,504,-615,313,-25,-363,-459,503,-345,94,649,-229,449,61,-278,-1,0
4,81,500,-614,312,-23,-355,-458,500,-363,94,654,-228,449,61,-275,0,0
4,82,500,-617,312,-21,-355,-458,495,-382,94,654,-229,449,61,-271,0,0
4,83,504,-619,311,-31,-359,-459,501,-383,94,651,-229,456,61,-276,0,0
4,84,502,-617,313,-34,-356,-461,502,-383,94,649,-229,456,61,-283,0,0
4,85,504,-610,314,-27,-359,-462,479,-395,94,649,-229,444,61,-281,0,0
4,86,512,-609,313,-31,-361,-461,464,-398,94,650,-229,444,61,-277,0,0
4,87,510,-614,315,-32,-351,-462,472,-387,94,651,-229,450,61,-279,0,0
4,88,502,-615,313,-24,-349,-465,474,-380,94,652,-228,445,61,-283,0,0
4,89,503,-612,308,-25,-359,-463,475,-376,94,654,-229,444,61,-279,0,0
4,90,506,-614,310,-29,-363,-460,489,-367,94,655,-231,448,61,-272,0,0
4,91,504,-615,312,-23,-358,-460,501,-361,94,653,-230,447,61,-276,0,0
4,92,504,-612,308,-24,-352,-460,499,-350,94,651,-230,449,61,-280,0,0
4,93,512,-614,309,-28,-354,-459,492,-345,94,649,-232,450,61,-273,0,0
4,94,509,-615,313,-26,-358,-460,488,-379,94,650,-233,444,60,-272,0,0
4,95,500,-614,314,-27,-356,-461,480,-410,94,652,-232,447,62,-278,0,0
4,96,500,-614,314,-26,-355,-462,474,-395,94,651,-232,455,64,-279,0,0
4,97,505,-610,313,-25,-362,-460,480,-379,94,651,-232,449,62,-276,0,0
4,98,508,-611,309,-26,-364,-462,480,-391,94,654,-232,447,62,-274,0,0
4,99,508,-619,310,-24,-356,-464,472,-396,94,653,-232,453,63,-273,0,0
4,100,506,-618,312,-22,-351,-457,474,-385,94,649,-232,450,63,-278,0,0
4,101,500,-610,311,-30,-360,-453,480,-384,94,650,-232,444,63,-279,0,0
4,102,500,-611,308,-35,-363,-462,479,-385,94,652,-232,446,63,-278,-1,0
4,103,505,-614,307,-26,-356,-466,486,-380,94,651,-232,448,63,-278,-1,0
4,104,503,-608,308,-22,-358,-462,503,-381,94,651,-232,444,63,-276,0,0
4,105,501,-608,303,-27,-359,-458,499,-383,94,651,-232,448,63,-273,-1,0
4,106,503,-615,306,-25,-349,-457,480,-370,94,651,-232,455,63,-277,0,0
4,107,505,-614,310,-28,-353,-460,476,-362,94,651,-232,451,63,-282,0,0
4,108,505,-613,306,-37,-366,-465,478,-377,94,651,-232,444,63,-276,0,0
4,109,502,-614,307,-33,-361,-462,477,-387,94,651,-232,446,63,-272,0,0
4,110,504,-615,313,-25,-350,-457,476,-391,94,651,-232,450,63,-276,0,0
4,111,510,-614,313,-26,-353,-457,471,-406,94,651,-232,447,63,-275,0,0
4,112,505,-612,312,-27,-359,-458,475,-402,94,651,-232,445,63,-274,0,0
4,113,499,-611,316,-24,-360,-461,481,-378,94,651,-232,449,63,-277,0,0
4,114,502,-615,312,-25,-357,-464,475,-381,94,651,-232,452,63,-279,0,0
4,115,500,-619,309,-25,-353,-464,485,-385,94,651,-232,449,63,-279,0,0
4,116,493,-619,312,-21,-350,-464,513,-365,94,651,-232,448,63,-278,0,0
4,117,500,-616,313,-26,-356,-464,501,-364,94,651,-232,448,63,-272,0,0
4,118,506,-614,312,-36,-362,-463,472,-385,94,651,-232,447,63,-276,0,0
4,119,499,-615,310,-37,-358,-464,489,-387,94,651,-232,449,63,-283,0,0
4,120,502,-619,309,-35,-353,-464,501,-378,94,651,-232,451,63,-275,0,0
4,121,508,-615,310,-42,-359,-463,473,-384,94,651,-232,450,63,-267,0,0
4,122,503,-612,309,-41,-359,-463,468,-390,94,651,-232,448,63,-272,0,0
4,123,500,-613,306,-25,-350,-461,489,-395,94,651,-232,450,63,-277,0,0
4,124,501,-613,310,-24,-354,-461,481,-409,94,651,-232,450,63,-279,0,0
4,125,507,-610,311,-34,-365,-464,468,-416,94,652,-232,448,63,-282,0,0
4,126,510,-612,304,-30,-362,-462,476,-410,94,650,-232,451,63,-283,0,0
4,127,507,-613,305,-21,-353,-461,476,-408,94,652,-232,450,63,-279,0,0
4,128,503,-609,313,-27,-350,-464,470,-410,94,655,-232,448,63,-277,0,0
4,0,501,-610,313,-35,-350,-463,476,-397,94,653,-232,458,63,-280,0,0
4,1,499,-616,308,-26,-357,-462,476,-396,94,649,-232,459,63,-278,0,0
4,2,502,-617,309,-22,-365,-466,469,-407,94,650,-232,444,63,-273,0,0
4,3,504,-616,310,-31,-358,-465,472,-398,94,652,-232,440,63,-276,0,0
4,4,500,-614,308,-35,-349,-459,476,-385,94,651,-232,449,63,-279,0,0
4,5,498,-613,310,-30,-353,-462,472,-388,94,651,-232,450,63,-277,0,-1
4,6,501,-615,312,-31,-360,-465,476,-385,94,651,-232,446,63,-273,0,0
4,7,504,-613,307,-31,-361,-459,481,-393,94,652,-232,447,63,-274,0,0
4,8,506,-611,306,-25,-357,-459,472,-418,94,652,-232,447,63,-275,0,0
4,9,500,-617,311,-22,-349,-466,473,-410,94,650,-232,447,61,-276,0,0
4,10,502,-618,313,-28,-350,-465,483,-397,94,653,-232,446,60,-277,0,0
4,11,512,-610,310,-35,-360,-460,474,-419,94,652,-233,445,60,-280,0,0
4,12,508,-612,310,-32,-358,-461,481,-413,94,638,-232,448,61,-281,-1,0
4,13,500,-615,309,-24,-351,-461,510,-371,94,630,-229,448,60,-278,-1,0
4,14,504,-608,309,-28,-352,-464,503,-367,94,635,-228,447,60,-280,-1,0
4,15,505,-611,309,-37,-356,-465,470,-386,94,635,-229,454,61,-285,-1,0
4,16,502,-624,305,-36,-356,-461,475,-375,94,632,-229,456,63,-277,-1,0
4,17,503,-623,304,-27,-354,-458,480,-382,94,635,-228,448,63,-268,-1,0
4,18,502,-615,311,-24,-350,-461,452,-414,94,637,-229,447,64,-274,-1,0
4,19,504,-614,311,-30,-352,-464,453,-409,94,636,-229,451,64,-283,-1,0
5,20,510,-613,306,-29,-362,-463,478,-398,94,636,-229,449,63,-281,-1,0
5,21,507,-614,308,-24,-360,-461,473,-412,94,636,-230,445,62,-279,-1,0
5,22,500,-615,309,-26,-347,-457,466,-412,94,636,-233,446,63,-277,-1,0
5,23,500,-612,307,-28,-351,-457,479,-399,94,636,-232,452,63,-278,0,0
5,24,504,-612,306,-26,-361,-460,478,-409,94,636,-229,454,63,-282,0,0
5,25,502,-614,304,-26,-355,-464,470,-412,94,636,-230,448,63,-279,0,0
5,26,498,-613,303,-29,-347,-461,475,-393,94,636,-232,445,63,-278,0,0
5,27,502,-613,309,-31,-357,-459,475,-375,94,636,-233,448,63,-279,0,0
5,28,508,-616,315,-25,-360,-463,472,-364,94,636,-232,446,63,-273,0,0
5,29,505,-619,312,-20,-355,-466,477,-361,94,636,-232,444,63,-274,0,0
5,30,498,-614,306,-25,-359,-462,481,-375,94,636,-232,448,63,-282,0,0
5,31,498,-609,309,-25,-362,-459,460,-396,94,636,-232,450,63,-280,0,0
5,32,502,-612,312,-19,-359,-464,439,-398,94,636,-232,447,63,-275,0,0
5,33,502,-617,308,-24,-362,-467,447,-397,94,636,-232,445,63,-276,0,0
5,34,502,-614,308,-33,-356,-463,453,-415,94,636,-232,443,63,-280,0,0
5,35,502,-612,311,-26,-343,-460,442,-422,94,636,-232,450,63,-279,0,0
5,36,502,-615,314,-19,-353,-464,440,-417,94,635,-232,454,63,-278,0,0
5,37,505,-615,310,-26,-368,-467,437,-429,94,636,-232,446,63,-278,0,0
5,38,502,-615,304,-28,-360,-462,445,-414,94,636,-232,446,63,-278,0,0
5,39,497,-614,308,-24,-351,-459,467,-370,94,633,-232,455,63,-280,0,0
5,40,498,-614,310,-25,-359,-459,467,-373,94,642,-232,450,63,-278,0,0
5,41,503,-614,307,-27,-364,-460,458,-396,94,654,-232,444,63,-276,0,0
5,42,504,-614,307,-22,-363,-461,457,-390,94,653,-232,450,63,-277,0,0
5,43,506,-617,315,-25,-368,-463,452,-385,94,650,-232,448,63,-275,0,0
5,44,510,-617,314,-33,-362,-462,460,-380,94,655,-232,441,63,-272,0,0
5,45,506,-613,307,-31,-348,-454,469,-366,94,654,-232,446,63,-275,0,0
5,46,504,-615,306,-25,-347,-450,448,-382,94,649,-232,449,63,-278,0,0
5,47,505,-619,308,-30,-353,-457,443,-404,94,650,-232,449,63,-279,0,0
5,48,502,-614,306,-38,-355,-462,470,-392,94,652,-232,448,63,-282,0,0
5,49,504,-613,305,-36,-360,-461,479,-386,94,651,-232,445,63,-280,0,0
5,50,509,-619,313,-31,-361,-461,465,-396,94,651,-232,446,63,-273,0,0
5,51,507,-617,314,-26,-356,-463,462,-383,94,651,-232,447,63,-275,0,0
5,52,504,-613,309,-22,-357,-463,486,-346,94,651,-232,446,63,-282,0,0
5,53,503,-616,311,-28,-359,-464,502,-332,94,651,-232,450,63,-280,0,0
5,54,500,-621,312,-35,-356,-464,480,-364,94,651,-232,450,63,-274,0,0
5,55,503,-620,311,-34,-356,-464,461,-393,94,651,-232,444,63,-275,0,0
5,56,503,-612,311,-32,-357,-461,476,-386,94,651,-232,444,63,-277,0,0
5,57,498,-612,311,-30,-352,-459,476,-379,94,651,-232,447,63,-277,0,0
5,58,500,-617,309,-26,-345,-461,447,-392,94,651,-232,447,63,-278,0,0
5,59,504,-611,310,-29,-347,-460,441,-396,94,651,-232,448,63,-281,0,0
5,60,504,-608,311,-35,-352,-458,462,-377,94,651,-232,448,63,-280,0,0
5,61,501,-618,308,-28,-356,-460,480,-358,94,651,-232,446,63,-276,0,0
5,62,499,-619,308,-21,-356,-462,474,-370,94,651,-232,446,63,-274,0,0
5,63,504,-612,313,-26,-350,-462,466,-404,94,651,-232,449,63,-277,-1,0
5,64,507,-613,316,-27,-352,-463,470,-410,94,651,-232,448,63,-279,-1,0
5,65,505,-619,312,-24,-357,-462,471,-398,94,651,-232,445,63,-279,-1,0
5,66,503,-616,310,-26,-352,-462,466,-403,94,651,-232,445,63,-280,-1,0
5,67,500,-612,311,-27,-354,-464,466,-407,94,651,-232,448,63,-277,-1,0
5,68,498,-614,314,-25,-360,-466,475,-387,94,651,-232,446,63,-275,-1,0
5,69,505,-614,315,-26,-352,-464,470,-381,94,651,-232,447,63,-273,-1,0
5,70,509,-611,307,-27,-353,-462,449,-398,94,651,-232,448,63,-273,-1,0
5,71,504,-613,301,-27,-365,-462,446,-403,94,652,-232,448,63,-276,-1,0
5,72,500,-616,304,-34,-364,-465,451,-408,94,651,-232,447,63,-279,-1,0
5,73,501,-615,310,-32,-360,-463,456,-418,94,651,-232,446,63,-281,-1,0
5,74,504,-617,312,-28,-359,-460,469,-412,94,651,-232,447,63,-281,-1,0
5,75,503,-620,310,-34,-354,-460,480,-399,94,651,-232,450,63,-279,0,0
5,76,500,-618,306,-34,-354,-464,476,-392,94,651,-232,450,63,-277,0,0
5,77,503,-617,307,-29,-363,-461,471,-378,94,651,-232,444,63,-277,0,0
5,78,506,-615,311,-40,-363,-456,471,-372,94,651,-232,446,63,-277,0,0
5,79,501,-615,310,-43,-359,-459,472,-399,94,651,-232,448,63,-281,0,0
5,80,498,-620,309,-26,-361,-464,471,-419,94,651,-232,445,63,-281,0,0
5,81,503,-622,314,-23,-363,-463,467,-408,94,651,-232,447,63,-274,0,0
5,82,501,-614,313,-31,-359,-461,468,-394,94,651,-232,448,63,-273,0,0
5,83,502,-609,309,-23,-357,-463,467,-393,94,651,-232,446,63,-276,0,0
5,84,509,-613,312,-22,-357,-461,460,-401,94,651,-232,449,63,-279,0,0
5,85,505,-614,311,-36,-357,-457,465,-402,94,651,-232,451,63,-279,0,0
5,86,500,-612,304,-32,-360,-458,475,-394,94,651,-232,449,63,-276,0,0
5,87,505,-610,305,-23,-362,-457,479,-396,94,651,-232,449,63,-275,0,0
5,88,507,-611,311,-32,-362,-457,479,-408,94,651,-232,451,63,-278,0,0
5,89,503,-613,311,-35,-363,-463,471,-412,94,651,-232,446,63,-278,0,0
5,90,502,-616,309,-23,-362,-464,467,-392,94,651,-232,444,63,-277,0,0
5,91,503,-618,312,-19,-352,-459,478,-366,94,651,-232,448,63,-279,0,0
5,92,501,-613,312,-30,-351,-458,480,-383,94,651,-232,447,63,-279,0,0
5,93,502,-614,310,-31,-362,-463,471,-415,94,651,-232,447,63,-279,0,0
5,94,502,-622,312,-24,-362,-465,472,-402,94,651,-232,447,63,-282,0,0
5,95,501,-618,309,-24,-352,-465,466,-380,94,651,-232,446,63,-280,0,0
5,96,506,-611,310,-30,-352,-462,446,-385,94,651,-232,447,63,-276,0,0
5,97,510,-613,315,-27,-360,-462,442,-390,94,651,-232,445,63,-272,0,0
5,98,504,-613,314,-23,-361,-462,450,-396,94,651,-232,446,63,-273,-1,0
5,99,497,-613,305,-24,-353,-461,451,-415,94,651,-232,449,63,-275,0,0
5,100,501,-616,304,-31,-347,-461,458,-417,94,652,-232,450,63,-276,0,0
5,101,506,-612,312,-35,-353,-462,466,-410,94,652,-232,449,63,-276,0,0
5,102,501,-612,312,-28,-359,-459,448,-414,94,650,-232,447,63,-277,0,0
5,103,495,-617,309,-21,-356,-458,434,-401,94,653,-232,445,63,-275,0,0
5,104,499,-616,313,-24,-354,-459,460,-372,94,655,-232,448,63,-273,0,-1
5,105,504,-614,313,-31,-353,-461,483,-363,94,650,-232,451,63,-273,0,-1
5,106,504,-615,305,-34,-354,-461,459,-385,94,647,-232,447,63,-277,0,0
5,107,502,-612,308,-32,-359,-461,430,-415,94,649,-232,445,63,-279,0,0
5,108,502,-611,314,-29,-359,-461,435,-414,94,649,-232,447,63,-275,0,0
5,109,504,-616,305,-29,-352,-463,450,-392,94,651,-232,447,63,-273,0,0
5,110,505,-621,304,-26,-352,-464,444,-397,94,653,-232,448,63,-277,0,0
5,111,503,-617,313,-23,-357,-462,434,-415,94,650,-232,448,63,-280,0,0
5,112,500,-613,307,-24,-356,-463,452,-404,94,648,-232,448,63,-280,0,0
5,113,501,-614,305,-25,-353,-464,473,-400,94,651,-232,447,63,-280,0,0
5,114,503,-614,313,-25,-356,-463,459,-413,94,652,-232,446,63,-280,0,0
5,115,502,-611,315,-28,-359,-464,442,-395,94,651,-232,449,63,-280,0,0
5,116,501,-614,310,-33,-355,-462,447,-382,94,651,-232,446,63,-271,0,0
5,117,504,-617,309,-35,-348,-456,448,-408,94,651,-232,449,63,-267,-1,0
5,118,510,-612,310,-35,-349,-455,435,-424,94,651,-232,457,63,-276,0,0
5,119,512,-609,311,-32,-353,-460,439,-408,94,651,-232,455,63,-282,0,0
5,120,511,-614,310,-27,-354,-464,458,-389,94,651,-232,447,63,-279,-1,0
5,121,505,-614,312,-23,-350,-460,457,-383,94,651,-232,444,63,-278,0,0
5,122,496,-609,316,-24,-347,-457,438,-393,94,651,-232,452,63,-279,-1,0
5,123,502,-616,314,-25,-352,-457,437,-402,94,651,-232,459,63,-278,0,0
5,124,510,-622,307,-24,-353,-461,450,-393,94,651,-232,453,63,-281,0,0
5,125,502,-616,306,-26,-348,-464,455,-397,94,651,-232,448,63,-279,0,0
5,126,497,-615,312,-27,-348,-462,462,-403,94,651,-232,453,63,-269,0,0
5,127,506,-617,312,-27,-352,-461,475,-371,94,651,-232,454,63,-270,0,0
5,128,505,-614,307,-31,-354,-463,478,-342,94,653,-232,446,63,-284,0,0
5,0,499,-616,308,-34,-351,-462,472,-364,94,654,-232,445,63,-279,0,0
5,1,500,-618,311,-30,-349,-459,474,-386,94,653,-232,452,63,-269,0,0
5,2,501,-616,310,-30,-355,-460,473,-379,94,654,-232,453,63,-275,0,0
5,3,504,-613,309,-34,-357,-462,459,-387,94,653,-232,447,63,-279,0,0
5,4,508,-612,313,-32,-354,-461,463,-390,94,649,-232,449,63,-276,0,0
5,5,503,-613,311,-23,-355,-463,477,-369,94,648,-232,459,63,-272,0,0
5,6,499,-616,306,-22,-356,-465,460,-368,94,654,-232,463,63,-270,0,0
5,7,503,-615,308,-28,-353,-464,435,-387,94,655,-232,460,63,-276,0,0
5,8,503,-612,311,-32,-353,-460,442,-385,94,652,-232,452,63,-282,0,0
5,9,499,-615,313,-29,-353,-458,456,-375,94,651,-232,448,63,-283,0,0
5,10,500,-616,313,-27,-348,-463,455,-379,94,652,-232,448,63,-281,0,0
5,11,501,-614,306,-31,-348,-465,452,-391,94,651,-232,450,63,-278,0,0
5,12,502,-615,303,-36,-356,-462,448,-407,94,651,-232,453,63,-276,0,0
5,13,503,-619,307,-35,-359,-461,446,-416,94,652,-232,452,63,-283,0,0
5,14,504,-618,309,-28,-352,-464,447,-408,94,651,-232,447,63,-280,0,0
5,15,504,-613,310,-27,-349,-463,444,-392,94,651,-232,448,63,-271,0,0
5,16,501,-614,312,-31,-358,-460,442,-384,94,653,-232,452,63,-275,0,0
5,17,501,-613,308,-32,-358,-461,442,-384,94,655,-232,451,63,-281,0,0
5,18,501,-611,309,-27,-353,-462,447,-382,94,652,-232,449,63,-282,0,0
5,19,497,-611,315,-26,-358,-465,443,-393,94,651,-232,447,63,-281,0,0
6,20,498,-614,312,-34,-363,-464,423,-415,94,652,-232,443,63,-280,0,0
6,21,501,-618,305,-34,-352,-459,422,-416,94,652,-232,450,63,-276,0,0
6,22,505,-616,307,-24,-343,-460,433,-414,94,651,-232,462,63,-276,0,0
6,23,508,-612,311,-28,-355,-464,425,-419,94,651,-232,462,63,-279,0,0
6,24,506,-611,310,-28,-365,-462,427,-385,94,651,-232,459,63,-275,0,0
6,25,502,-613,308,-20,-357,-459,451,-348,94,651,-232,461,62,-277,0,-1
6,26,502,-615,310,-22,-349,-459,461,-365,94,651,-232,453,61,-282,0,-1
6,27,502,-617,312,-27,-351,-458,459,-384,94,651,-232,451,61,-278,0,-1
6,28,502,-619,310,-25,-353,-460,458,-378,94,651,-232,460,62,-274,0,-1
6,29,508,-616,307,-26,-353,-462,443,-392,94,651,-232,452,62,-277,0,0
6,30,504,-613,306,-27,-352,-459,437,-400,94,651,-232,444,63,-277,0,0
6,31,502,-614,312,-27,-356,-454,442,-383,94,651,-232,459,63,-276,0,0
6,32,505,-617,316,-28,-360,-455,424,-395,94,651,-232,465,63,-279,0,0
6,33,505,-615,309,-27,-355,-463,416,-411,94,651,-232,446,63,-277,0,0
6,34,504,-612,307,-30,-350,-465,436,-389,94,651,-232,445,63,-277,-1,0
6,35,502,-614,312,-31,-349,-462,449,-375,94,651,-232,458,63,-282,-1,0
6,36,503,-617,309,-26,-354,-463,455,-385,94,651,-232,455,63,-281,-1,0
6,37,506,-613,304,-25,-360,-463,470,-377,94,651,-232,452,63,-277,-1,0
6,38,508,-607,310,-28,-358,-459,476,-364,94,651,-232,458,63,-280,-1,0
6,39,503,-610,314,-30,-355,-459,460,-374,94,651,-232,452,63,-279,-1,0
6,40,502,-617,310,-30,-357,-461,446,-378,94,651,-232,443,63,-275,-1,0
6,41,502,-614,310,-30,-356,-461,441,-374,94,651,-232,449,63,-275,-1,0
6,42,501,-608,312,-33,-354,-461,439,-380,94,651,-232,455,63,-275,-1,0
6,43,503,-613,309,-35,-355,-459,443,-383,94,651,-232,452,63,-274,-1,0
6,44,501,-619,311,-33,-354,-457,443,-386,94,651,-232,453,63,-272,0,0
6,45,499,-617,313,-31,-356,-457,438,-397,94,651,-232,453,63,-272,0,0
6,46,501,-615,312,-32,-364,-457,436,-392,94,651,-232,449,63,-275,0,0
6,47,503,-616,311,-28,-362,-460,440,-375,94,651,-232,451,63,-279,0,0
6,48,504,-618,312,-24,-353,-463,441,-386,94,651,-232,456,63,-279,0,0
6,49,502,-616,312,-23,-355,-462,440,-402,94,651,-232,451,63,-279,0,0
6,50,501,-612,312,-27,-361,-461,442,-383,94,651,-232,451,63,-278,0,0
6,51,504,-613,311,-28,-355,-460,445,-355,94,651,-232,459,63,-273,0,0
6,52,504,-616,310,-25,-347,-460,455,-346,94,651,-232,458,63,-273,0,0
6,53,501,-611,314,-32,-351,-461,466,-351,94,651,-232,449,63,-280,0,0
6,54,504,-608,314,-34,-367,-463,454,-370,94,651,-232,450,63,-280,0,0
6,55,507,-619,311,-27,-367,-463,439,-386,94,651,-232,457,63,-278,0,0
6,56,499,-620,310,-30,-354,-463,440,-389,94,651,-232,456,63,-278,0,0
6,57,495,-613,309,-40,-355,-464,436,-397,94,651,-232,449,63,-276,0,0
6,58,504,-617,309,-39,-364,-463,433,-397,94,651,-232,448,63,-276,0,0
6,59,508,-620,310,-33,-353,-460,445,-377,94,651,-232,455,63,-276,0,0
6,60,505,-611,312,-27,-345,-459,450,-381,94,651,-232,450,63,-276,0,0
6,61,505,-611,310,-21,-360,-460,441,-401,94,651,-232,441,63,-280,0,0
6,62,503,-615,306,-24,-367,-465,445,-389,94,651,-232,448,63,-282,0,0
6,63,499,-612,310,-29,-358,-464,451,-377,94,651,-232,462,63,-279,0,0
6,64,501,-611,315,-36,-355,-459,445,-395,94,651,-232,461,63,-278,0,0
6,65,507,-618,312,-40,-359,-459,441,-404,94,651,-232,448,63,-280,-1,0
6,66,505,-620,311,-32,-357,-459,440,-395,94,651,-232,444,63,-280,0,0
6,67,503,-619,315,-25,-350,-460,436,-399,94,651,-232,450,63,-276,-1,0
6,68,504,-621,315,-27,-350,-463,438,-419,94,651,-232,450,63,-275,0,0
6,69,504,-621,312,-26,-356,-461,443,-412,94,651,-232,448,63,-279,-1,0
6,70,502,-617,309,-23,-358,-458,440,-387,94,651,-232,450,63,-276,-1,0
6,71,500,-617,309,-30,-359,-461,438,-393,94,651,-232,448,63,-272,0,0
6,72,501,-621,307,-35,-367,-465,438,-412,94,651,-232,447,63,-275,-1,0
6,73,509,-616,305,-26,-368,-464,438,-409,94,651,-232,453,64,-277,0,0
6,74,512,-608,311,-25,-357,-462,439,-406,94,651,-232,451,62,-278,0,0
6,75,507,-611,312,-34,-348,-461,440,-414,94,651,-232,450,59,-280,0,0
6,76,506,-612,306,-28,-352,-460,433,-413,94,651,-232,455,60,-278,0,0
6,77,508,-609,311,-23,-362,-461,418,-415,94,651,-232,455,64,-276,0,0
6,78,503,-611,320,-33,-363,-461,420,-420,94,651,-232,453,63,-280,0,0
6,79,500,-615,313,-32,-355,-459,444,-412,94,651,-232,453,60,-281,0,0
6,80,501,-617,305,-21,-350,-457,448,-408,94,651,-232,449,61,-273,0,0
6,81,502,-618,311,-28,-348,-461,436,-411,94,652,-232,449,63,-270,0,0
6,82,503,-615,312,-37,-353,-461,440,-412,94,651,-232,450,63,-275,0,0
6,83,502,-611,305,-30,-365,-460,434,-410,94,651,-232,452,62,-277,0,0
6,84,498,-616,307,-25,-365,-464,420,-395,94,654,-232,454,62,-279,0,0
6,85,501,-617,314,-26,-350,-464,430,-383,94,653,-232,458,64,-279,0,0
6,86,502,-612,313,-26,-349,-460,441,-395,94,649,-232,457,63,-273,0,0
6,87,501,-615,312,-26,-360,-460,437,-412,94,649,-232,452,62,-272,0,0
6,88,507,-617,313,-30,-357,-462,435,-417,94,652,-232,452,64,-278,0,0
6,89,509,-613,312,-28,-347,-461,443,-406,94,651,-232,455,63,-279,0,0
6,90,501,-612,309,-21,-353,-461,449,-395,94,651,-232,455,61,-280,0,0
6,91,501,-614,310,-24,-362,-463,449,-403,94,651,-232,450,61,-281,0,0
6,92,506,-615,313,-29,-359,-465,439,-415,94,651,-232,446,63,-272,0,0
6,93,503,-616,313,-26,-356,-465,430,-412,94,651,-232,449,62,-272,0,0
6,94,501,-618,311,-26,-356,-460,418,-419,94,652,-232,454,61,-279,0,0
6,95,506,-616,311,-27,-360,-454,408,-432,94,650,-232,457,61,-273,0,0
6,96,509,-614,314,-29,-365,-453,425,-418,94,651,-232,450,61,-270,0,0
6,97,505,-612,313,-36,-357,-458,445,-396,94,654,-232,446,61,-278,0,0
6,98,500,-611,311,-32,-348,-461,441,-386,94,653,-232,450,61,-277,0,0
6,99,498,-614,313,-23,-353,-462,439,-377,94,649,-232,455,61,-274,0,0
6,100,501,-618,312,-26,-360,-461,443,-378,94,650,-232,454,61,-280,0,0
6,101,505,-614,306,-32,-361,-460,430,-403,94,652,-232,452,61,-282,0,0
6,102,504,-613,307,-32,-363,-462,426,-406,94,651,-232,454,61,-276,0,0
6,103,501,-617,314,-30,-362,-462,440,-382,94,651,-232,453,61,-274,0,0
6,104,502,-615,312,-28,-360,-460,424,-398,94,652,-232,451,61,-275,0,0
6,105,506,-610,310,-26,-358,-463,405,-436,94,650,-232,460,61,-278,0,0
6,106,505,-613,314,-30,-353,-467,429,-421,94,652,-232,463,61,-283,0,0
6,107,502,-616,313,-32,-350,-466,456,-380,94,654,-232,449,61,-281,0,0
6,108,504,-615,312,-30,-357,-461,444,-379,94,651,-232,450,61,-278,0,0
6,109,507,-615,313,-27,-359,-462,426,-397,94,649,-232,463,61,-279,0,0
6,110,503,-617,312,-24,-353,-464,421,-398,94,651,-232,459,61,-278,0,0
6,111,499,-614,312,-24,-352,-464,420,-396,94,652,-232,450,61,-272,0,0
6,112,501,-613,312,-31,-356,-461,434,-396,94,651,-232,452,61,-273,0,0
6,113,502,-617,308,-33,-363,-462,440,-397,94,651,-232,452,61,-278,-1,0
6,114,500,-615,309,-31,-365,-465,419,-406,94,651,-232,449,61,-279,0,0
6,115,502,-611,313,-33,-356,-460,415,-412,94,651,-232,459,61,-278,0,0
6,116,509,-613,310,-28,-352,-459,437,-404,94,651,-232,461,61,-279,0,0
6,117,509,-613,310,-18,-356,-462,442,-394,94,651,-232,450,61,-279,0,0
6,118,504,-611,312,-20,-363,-461,445,-386,94,651,-232,446,61,-278,0,0
6,119,502,-616,312,-31,-367,-462,471,-379,94,651,-232,449,61,-276,0,0
6,120,503,-617,312,-35,-361,-463,469,-379,94,651,-232,452,61,-279,0,0
6,121,502,-612,312,-28,-351,-460,446,-378,94,651,-232,448,61,-279,0,0
6,122,503,-612,312,-28,-353,-460,441,-369,94,651,-232,449,61,-276,0,0
6,123,505,-615,309,-31,-353,-466,431,-382,94,651,-232,452,61,-279,0,0
6,124,500,-613,307,-32,-349,-464,425,-407,94,651,-232,448,61,-280,-1,0
6,125,499,-613,310,-35,-356,-460,434,-415,94,651,-232,443,63,-273,0,0
6,126,507,-614,311,-32,-356,-462,433,-413,94,654,-232,448,64,-275,-1,0
6,127,508,-616,308,-27,-351,-462,426,-404,94,656,-232,450,63,-281,0,0
6,128,504,-617,309,-30,-352,-460,441,-378,94,653,-232,446,62,-278,0,-1
6,0,504,-614,310,-34,-356,-461,451,-354,94,649,-232,453,63,-280,0,0
6,1,504,-614,309,-25,-356,-463,445,-367,94,650,-232,454,63,-283,0,-1
6,2,500,-616,309,-24,-353,-461,444,-383,94,652,-232,449,63,-274,0,0
6,3,505,-615,312,-36,-352,-459,446,-377,94,651,-232,456,63,-272,0,0
6,4,514,-614,311,-36,-361,-464,447,-390,94,651,-232,458,63,-281,0,0
6,5,505,-617,309,-30,-365,-463,439,-415,94,651,-232,450,63,-282,0,0
6,6,496,-612,308,-28,-354,-459,420,-411,94,651,-232,447,63,-278,-1,0
6,7,503,-609,311,-31,-355,-461,406,-399,94,651,-232,449,63,-280,0,0
6,8,508,-614,314,-30,-363,-463,420,-396,94,651,-232,453,63,-281,-1,0
6,9,501,-615,311,-32,-359,-462,437,-383,94,652,-232,454,63,-280,-1,0
6,10,499,-615,311,-35,-353,-459,443,-370,94,651,-232,449,63,-279,-1,0
6,11,501,-617,311,-31,-354,-457,456,-361,94,652,-232,450,63,-274,-1,0
6,12,497,-614,311,-31,-355,-459,465,-353,94,651,-232,454,63,-274,-1,0
6,13,497,-611,314,-37,-351,-462,457,-362,94,651,-232,447,63,-274,-1,0
6,14,502,-617,312,-38,-349,-462,446,-384,94,654,-232,442,63,-275,0,0
6,15,505,-620,307,-30,-348,-459,441,-399,94,654,-232,451,63,-278,0,0
6,16,501,-616,307,-29,-352,-459,439,-404,94,652,-232,455,63,-278,0,0
6,17,503,-611,310,-36,-359,-463,444,-394,94,651,-232,450,63,-275,0,0
6,18,509,-610,310,-28,-357,-463,441,-384,94,652,-232,452,63,-274,0,0
6,19,505,-615,312,-20,-353,-462,426,-384,94,651,-232,453,63,-277,0,0
7,20,500,-616,314,-32,-353,-464,426,-388,94,651,-232,448,63,-280,0,0
7,21,505,-612,312,-42,-352,-462,434,-401,94,651,-230,454,63,-279,0,0
7,22,504,-615,310,-35,-351,-461,440,-413,94,651,-229,456,63,-274,0,0
7,23,503,-615,308,-29,-358,-463,442,-408,94,651,-229,447,63,-274,0,0
7,24,509,-611,308,-32,-362,-462,429,-410,94,651,-229,445,63,-280,0,0
7,25,508,-612,312,-32,-361,-457,419,-406,94,651,-230,454,63,-278,0,0
7,26,502,-616,311,-33,-362,-455,430,-388,94,651,-232,457,63,-272,0,0
7,27,505,-613,307,-35,-358,-459,443,-385,94,651,-231,452,63,-274,0,0
7,28,508,-611,305,-31,-352,-462,441,-390,94,651,-230,453,63,-281,0,0
7,29,504,-613,307,-31,-353,-464,437,-379,94,651,-230,457,63,-281,0,0
7,30,501,-613,311,-34,-353,-463,431,-381,94,651,-230,457,63,-278,0,0
7,31,501,-613,313,-29,-351,-459,416,-404,94,651,-230,450,63,-281,0,0
7,32,501,-616,310,-21,-354,-458,416,-406,94,651,-230,446,63,-281,0,0
7,33,501,-616,306,-26,-359,-462,435,-384,94,651,-230,452,63,-276,0,0
7,34,502,-614,308,-31,-359,-464,435,-380,94,652,-230,453,63,-274,0,0
7,35,501,-612,308,-29,-360,-465,422,-397,94,651,-230,450,63,-278,0,0
7,36,502,-614,304,-28,-362,-464,429,-395,94,652,-230,455,63,-279,0,0
7,37,503,-615,309,-26,-354,-456,441,-383,94,654,-230,459,63,-278,0,0
7,38,503,-612,315,-32,-348,-454,439,-382,94,653,-230,455,63,-276,0,0
7,39,505,-612,309,-38,-350,-462,440,-375,94,649,-230,453,63,-277,0,0
7,40,505,-615,310,-30,-357,-461,434,-386,94,649,-230,455,63,-281,0,0
7,41,502,-616,315,-24,-361,-457,412,-414,94,650,-230,449,63,-282,0,0
7,42,503,-614,308,-30,-357,-459,402,-419,94,649,-230,444,63,-280,0,0
7,43,502,-618,304,-37,-350,-462,410,-410,94,649,-230,450,63,-278,0,0
7,44,503,-619,312,-26,-350,-461,413,-417,94,649,-230,455,63,-278,0,0
7,45,507,-614,315,-20,-353,-463,417,-416,94,649,-230,451,63,-278,0,0
7,46,504,-611,309,-29,-352,-464,417,-406,94,649,-230,448,63,-278,0,0
7,47,499,-615,307,-32,-352,-462,411,-415,94,649,-230,450,63,-279,-1,0
7,48,501,-621,312,-27,-350,-463,420,-421,94,649,-230,454,63,-279,0,0
7,49,506,-620,314,-28,-351,-464,440,-409,94,649,-230,456,63,-277,-1,0
7,50,507,-617,308,-29,-355,-465,444,-393,94,649,-230,455,63,-273,-1,0
7,51,506,-616,306,-23,-351,-464,435,-388,94,649,-230,448,63,-272,0,0
7,52,505,-614,311,-28,-349,-463,437,-391,94,649,-230,444,63,-275,0,0
7,53,509,-611,308,-36,-361,-462,441,-392,94,649,-230,450,63,-278,0,0
7,54,510,-615,306,-30,-363,-464,426,-401,94,649,-230,451,63,-274,0,0
7,55,503,-622,308,-22,-353,-464,419,-415,94,649,-230,447,63,-270,0,0
7,56,499,-621,308,-21,-356,-460,434,-417,94,649,-230,448,63,-275,0,0
7,57,502,-612,310,-29,-363,-458,440,-408,94,649,-230,451,63,-278,0,0
7,58,507,-605,310,-36,-353,-461,434,-399,94,649,-230,450,63,-274,0,0
7,59,504,-611,306,-31,-347,-460,442,-389,94,649,-230,450,63,-276,0,0
7,60,502,-618,310,-22,-357,-459,452,-384,94,649,-230,453,63,-283,0,0
7,61,505,-616,315,-25,-355,-459,443,-381,94,649,-230,453,63,-280,0,0
7,62,506,-614,311,-28,-350,-460,443,-366,94,649,-230,456,63,-275,0,0
7,63,505,-618,306,-28,-360,-462,455,-360,94,649,-230,452,63,-277,0,0
7,64,505,-616,307,-33,-364,-461,456,-376,94,649,-230,448,63,-277,0,0
7,65,502,-609,308,-38,-351,-460,442,-397,94,649,-230,452,63,-275,0,0
7,66,500,-611,313,-36,-346,-462,431,-403,94,649,-230,454,63,-277,0,0
7,67,504,-614,315,-27,-355,-461,436,-398,94,649,-230,452,63,-279,0,0
7,68,508,-614,309,-22,-353,-457,442,-388,94,649,-230,449,63,-276,0,0
7,69,505,-615,305,-25,-345,-457,443,-377,94,649,-230,450,63,-277,0,0
7,70,502,-612,310,-26,-354,-460,440,-379,94,649,-230,454,63,-282,0,0
7,71,505,-609,310,-27,-356,-463,439,-382,94,649,-230,455,63,-281,-1,0
7,72,505,-611,306,-28,-347,-463,439,-365,94,649,-230,446,63,-277,0,0
7,73,502,-611,311,-23,-351,-461,434,-363,94,649,-230,446,63,-276,-1,0
7,74,502,-613,314,-22,-358,-459,436,-377,94,649,-230,453,63,-276,0,0
7,75,503,-616,308,-28,-351,-459,449,-363,94,649,-230,446,63,-278,0,0
7,76,503,-616,308,-28,-353,-462,446,-355,94,649,-230,443,63,-281,0,0
7,77,505,-615,316,-25,-361,-467,416,-389,94,649,-230,454,63,-280,0,0
7,78,506,-616,314,-27,-353,-466,413,-394,94,649,-230,455,63,-279,0,0
7,79,505,-615,307,-26,-346,-462,444,-362,94,649,-230,454,63,-279,0,0
7,80,504,-612,309,-24,-353,-463,447,-368,94,649,-230,458,63,-278,0,0
7,81,504,-613,313,-28,-355,-462,417,-393,94,649,-230,455,63,-279,0,0
7,82,506,-619,309,-32,-353,-461,411,-390,94,649,-230,450,63,-284,0,0
7,83,505,-619,304,-31,-353,-461,430,-382,94,649,-230,456,63,-280,0,0
7,84,499,-615,305,-26,-352,-464,441,-383,94,650,-230,456,63,-276,0,0
7,85,497,-618,307,-26,-351,-465,441,-385,94,649,-230,445,63,-277,0,0
7,86,501,-621,312,-26,-358,-463,439,-383,94,648,-230,445,63,-273,0,0
7,87,501,-617,311,-22,-365,-463,440,-376,94,652,-230,453,63,-271,0,0
7,88,500,-613,306,-30,-357,-462,441,-382,94,657,-230,451,63,-279,0,0
7,89,503,-615,307,-38,-347,-461,441,-384,94,655,-230,447,61,-285,0,0
7,90,504,-616,311,-32,-349,-463,445,-364,94,652,-230,449,61,-281,0,0
7,91,503,-613,313,-25,-356,-459,448,-366,94,655,-230,456,61,-278,0,0
7,92,502,-613,311,-28,-357,-453,435,-393,94,655,-230,452,61,-279,0,0
7,93,502,-614,309,-32,-355,-457,424,-393,94,651,-230,443,61,-275,0,0
7,94,505,-615,314,-34,-356,-462,431,-379,94,651,-230,446,61,-275,0,0
7,95,503,-617,315,-30,-360,-458,429,-385,94,650,-230,449,61,-279,0,0
7,96,498,-621,309,-24,-364,-458,421,-391,94,648,-230,445,61,-278,0,0
7,97,504,-619,306,-28,-363,-464,435,-390,94,648,-230,446,61,-276,0,0
7,98,509,-609,308,-31,-357,-465,448,-386,94,648,-230,452,61,-279,0,0
7,99,504,-608,309,-30,-353,-461,440,-374,94,648,-230,451,61,-281,0,0
7,100,499,-614,312,-32,-351,-462,440,-359,94,648,-230,443,61,-280,0,0
7,101,503,-613,316,-32,-358,-467,447,-347,94,648,-230,443,61,-280,0,0
7,102,505,-613,312,-29,-361,-466,442,-352,94,648,-230,450,61,-278,0,0
7,103,502,-616,306,-32,-352,-463,441,-348,94,648,-230,450,61,-275,0,0
7,104,503,-615,307,-36,-354,-463,438,-343,94,648,-230,444,61,-278,0,0
7,105,506,-614,309,-32,-362,-462,419,-367,94,648,-230,453,61,-280,0,0
7,106,503,-618,309,-25,-355,-459,412,-385,94,648,-230,461,61,-275,0,0
7,107,498,-614,311,-25,-347,-460,427,-376,94,648,-230,453,61,-273,0,0
7,108,502,-611,313,-26,-352,-464,443,-365,94,648,-230,448,62,-280,0,0
7,109,507,-613,311,-24,-358,-464,445,-373,94,648,-230,451,63,-282,0,0
7,110,504,-615,309,-23,-362,-459,439,-379,94,648,-230,447,63,-279,0,0
7,111,499,-616,309,-28,-361,-457,445,-362,94,648,-230,443,63,-281,0,0
7,112,497,-617,307,-31,-355,-460,460,-340,94,648,-230,449,63,-282,0,0
7,113,504,-615,307,-29,-354,-462,462,-337,94,648,-230,454,63,-277,0,0
7,114,507,-617,311,-25,-358,-460,442,-355,94,648,-230,454,63,-274,0,0
7,115,500,-620,310,-25,-361,-465,419,-376,94,648,-230,450,63,-276,0,0
7,116,504,-616,308,-31,-359,-471,424,-377,94,648,-230,446,63,-280,0,0
7,117,513,-612,313,-30,-356,-465,445,-356,94,648,-230,446,63,-278,0,0
7,118,507,-618,313,-27,-356,-458,452,-354,94,648,-230,451,63,-276,0,0
7,119,503,-620,310,-33,-355,-461,444,-368,94,648,-230,456,63,-281,0,0
7,120,508,-612,313,-31,-356,-463,429,-378,94,648,-230,450,63,-282,-1,0
7,121,512,-611,313,-27,-360,-460,416,-401,94,648,-230,448,63,-278,0,0
7,122,510,-619,309,-32,-358,-461,424,-405,94,649,-230,451,63,-279,-1,0
7,123,506,-618,308,-33,-354,-463,441,-382,94,648,-230,451,63,-279,-1,0
7,124,500,-614,311,-25,-353,-461,439,-377,94,648,-230,451,63,-279,-1,0
7,125,502,-614,314,-27,-351,-459,438,-382,94,653,-230,450,63,-279,-1,0
7,126,510,-616,313,-28,-358,-462,442,-381,94,654,-230,447,63,-277,-1,0
7,127,514,-618,311,-26,-364,-463,443,-370,94,650,-230,446,63,-275,0,0
7,128,507,-615,317,-29,-358,-459,442,-356,94,649,-230,451,63,-278,0,0
7,0,496,-613,316,-26,-354,-457,436,-364,94,652,-230,452,63,-279,0,0
7,1,501,-614,304,-24,-355,-459,438,-381,94,652,-230,448,63,-277,0,0
7,2,508,-611,307,-31,-357,-461,438,-386,94,651,-230,450,63,-275,0,0
7,3,503,-609,310,-38,-361,-462,422,-382,94,651,-230,453,63,-273,0,0
7,4,499,-614,304,-34,-358,-465,414,-379,94,651,-230,451,63,-276,0,0
7,5,503,-617,304,-26,-349,-466,416,-394,94,651,-230,449,63,-281,0,0
7,6,504,-616,305,-25,-356,-463,416,-415,94,651,-230,452,63,-281,0,0
7,7,504,-614,307,-31,-366,-460,427,-398,94,651,-230,448,63,-277,0,0
7,8,505,-615,316,-33,-358,-462,447,-358,94,651,-230,443,63,-280,0,0
7,9,503,-615,317,-29,-354,-459,446,-356,94,651,-230,451,63,-282,0,0
7,10,504,-612,307,-26,-360,-453,437,-380,94,651,-230,456,63,-276,0,0
7,11,502,-607,312,-23,-362,-459,439,-383,94,652,-230,451,63,-276,0,0
7,12,502,-610,320,-24,-357,-467,444,-362,94,652,-230,447,63,-281,0,0
7,13,508,-617,313,-32,-355,-463,443,-351,94,651,-230,446,63,-276,0,0
7,14,509,-616,309,-33,-356,-460,451,-353,94,652,-230,448,63,-273,0,0
7,15,501,-613,312,-26,-360,-462,460,-356,94,654,-230,454,63,-280,0,0
7,16,501,-611,313,-28,-359,-460,444,-363,94,644,-230,455,63,-282,0,0
7,17,506,-613,313,-36,-353,-460,430,-370,94,633,-230,453,63,-275,0,0
7,18,505,-621,311,-34,-354,-461,441,-373,94,634,-230,450,63,-275,0,0
7,19,500,-621,310,-29,-361,-460,439,-398,94,636,-230,447,63,-276,0,0
8,20,501,-613,313,-36,-362,-462,425,-414,94,633,-230,448,63,-277,0,0
8,21,505,-614,313,-38,-359,-462,433,-393,94,634,-230,454,63,-281,0,0
8,22,500,-615,307,-26,-358,-462,444,-378,94,637,-230,452,63,-282,0,0
8,23,497,-612,310,-21,-360,-464,438,-385,94,636,-230,446,63,-279,0,0
8,24,504,-614,312,-32,-361,-460,438,-371,94,636,-230,450,63,-279,0,0
8,25,507,-619,308,-40,-358,-455,448,-351,94,636,-230,456,63,-279,0,0
8,26,502,-615,307,-37,-353,-463,448,-369,94,636,-230,452,63,-275,0,0
8,27,501,-616,310,-28,-355,-469,444,-380,94,636,-230,451,63,-273,0,0
8,28,507,-619,312,-30,-360,-464,444,-352,94,636,-230,455,63,-271,0,0
8,29,511,-615,311,-36,-362,-464,442,-344,94,636,-230,451,63,-273,0,0
8,30,509,-613,308,-31,-360,-465,436,-382,94,636,-230,447,63,-282,0,0
8,31,504,-616,309,-20,-362,-459,438,-410,94,636,-230,449,63,-284,0,0
8,32,500,-617,310,-20,-362,-456,439,-395,94,636,-230,451,63,-277,-1,0
8,33,501,-615,309,-32,-359,-462,429,-383,94,636,-230,450,63,-275,0,0
8,34,503,-616,308,-36,-357,-467,427,-381,94,636,-230,450,63,-278,0,0
8,35,506,-617,309,-27,-357,-466,438,-368,94,635,-230,453,63,-280,0,0
8,36,503,-614,310,-22,-358,-462,453,-356,94,636,-230,458,63,-277,-1,0
8,37,499,-612,309,-29,-351,-457,452,-363,94,637,-230,452,63,-275,0,0
8,38,504,-610,309,-29,-352,-457,436,-368,94,634,-230,443,63,-278,-1,0
8,39,509,-610,312,-22,-357,-461,434,-357,94,638,-230,449,63,-280,0,0
8,40,506,-615,311,-25,-355,-464,445,-348,94,652,-230,452,63,-279,0,0
8,41,498,-617,308,-28,-353,-467,448,-353,94,655,-230,443,63,-282,0,0
8,42,498,-616,311,-23,-352,-466,440,-368,94,649,-230,446,63,-283,0,0
8,43,500,-617,314,-26,-352,-460,431,-387,94,651,-230,458,63,-277,0,0
8,44,503,-613,309,-33,-355,-460,431,-391,94,655,-230,455,63,-276,0,0
8,45,502,-611,306,-29,-362,-462,446,-372,94,651,-230,452,63,-279,0,0
8,46,496,-618,311,-28,-359,-461,452,-365,94,649,-230,456,63,-275,0,0
8,47,504,-618,315,-36,-356,-461,441,-385,94,649,-230,452,63,-274,0,0
8,48,511,-614,312,-36,-363,-460,443,-393,94,649,-230,450,63,-278,0,0
8,49,502,-618,311,-31,-360,-461,456,-372,94,650,-230,451,63,-277,0,0
8,50,495,-622,315,-36,-348,-465,454,-359,94,652,-230,447,63,-278,0,0
8,51,507,-617,313,-40,-348,-464,440,-374,94,651,-230,449,63,-281,0,0
8,52,513,-612,311,-32,-360,-460,435,-382,94,651,-230,456,63,-280,0,0
8,53,507,-612,313,-24,-359,-457,459,-363,94,651,-230,448,63,-272,-1,0
8,54,503,-617,311,-25,-353,-458,474,-346,94,651,-230,440,63,-269,0,0
8,55,501,-618,307,-27,-357,-461,458,-362,94,651,-230,450,63,-275,-1,0
8,56,500,-611,313,-26,-359,-459,443,-381,94,651,-230,459,63,-278,0,0
8,57,501,-608,315,-22,-355,-458,443,-388,94,651,-230,454,63,-276,-1,0
8,58,500,-614,307,-25,-357,-460,443,-388,94,651,-230,452,63,-277,0,0
8,59,500,-615,307,-36,-365,-464,448,-376,94,651,-230,455,63,-279,-1,0
8,60,503,-614,315,-37,-365,-465,453,-363,94,651,-230,451,63,-279,0,0
8,61,502,-615,315,-21,-359,-463,450,-355,94,651,-230,450,63,-276,0,0
8,62,500,-614,309,-18,-357,-462,453,-357,94,651,-230,452,63,-275,-1,0
8,63,502,-615,307,-27,-352,-462,455,-361,94,651,-230,450,63,-280,0,0
8,64,502,-616,308,-26,-351,-461,448,-362,94,651,-230,447,63,-283,0,0
8,65,500,-616,308,-24,-358,-463,454,-352,94,654,-230,446,63,-282,0,0
8,66,500,-615,308,-29,-362,-465,464,-347,94,655,-230,452,63,-281,0,0
8,67,501,-613,309,-29,-358,-461,450,-369,94,652,-230,458,63,-280,0,0
8,68,502,-611,307,-25,-356,-462,439,-381,94,651,-230,452,63,-281,0,0
8,69,502,-610,307,-24,-356,-464,461,-356,94,652,-230,442,63,-277,0,0
8,70,500,-616,312,-22,-350,-459,469,-340,94,651,-230,450,63,-274,0,0
8,71,500,-620,312,-26,-350,-462,441,-361,94,651,-230,461,63,-280,0,0
8,72,501,-614,311,-34,-354,-465,428,-376,94,651,-230,455,63,-285,0,0
8,73,504,-611,317,-35,-356,-458,455,-360,94,651,-230,446,63,-279,0,0
8,74,507,-616,317,-28,-358,-456,467,-352,94,651,-230,446,63,-276,0,0
8,75,506,-616,308,-28,-355,-463,443,-365,94,651,-230,453,63,-279,0,0
8,76,506,-611,304,-35,-353,-464,437,-365,94,651,-230,456,63,-278,0,0
8,77,505,-613,310,-37,-356,-459,466,-351,94,651,-230,450,63,-280,0,0
8,78,500,-615,309,-33,-354,-462,481,-350,94,651,-230,450,61,-280,0,0
8,79,507,-612,307,-34,-351,-464,466,-356,94,650,-230,456,60,-278,0,0
8,80,514,-612,312,-33,-355,-462,463,-349,94,648,-230,455,60,-281,0,0
8,81,504,-612,311,-28,-363,-461,476,-343,94,650,-230,456,60,-279,0,0
8,82,501,-611,306,-32,-361,-463,471,-350,94,654,-230,458,60,-276,0,0
8,83,507,-615,308,-39,-350,-461,446,-357,94,652,-230,453,60,-277,0,-1
8,84,506,-618,312,-37,-349,-459,443,-354,94,648,-230,454,60,-276,0,-1
8,85,504,-616,308,-31,-359,-462,467,-351,94,650,-230,460,60,-271,0,-1
8,86,503,-614,305,-29,-357,-461,475,-366,94,652,-230,449,60,-275,0,0
8,87,497,-616,307,-32,-345,-459,471,-365,94,651,-230,440,60,-277,0,0
8,88,504,-617,309,-31,-353,-460,482,-338,94,651,-230,449,60,-269,0,0
8,89,512,-613,311,-30,-365,-461,473,-340,94,651,-230,449,60,-271,0,0
8,90,503,-612,307,-32,-356,-462,447,-368,94,651,-230,446,60,-279,0,0
8,91,497,-615,307,-29,-345,-463,443,-375,94,651,-230,450,60,-281,0,0
8,92,504,-613,312,-29,-354,-463,448,-375,94,651,-230,449,60,-276,0,0
8,93,509,-611,313,-37,-360,-462,440,-391,94,651,-230,446,60,-277,0,0
8,94,504,-613,314,-33,-353,-462,433,-391,94,651,-230,456,60,-280,0,0
8,95,497,-616,314,-21,-350,-462,442,-370,94,651,-230,462,60,-280,0,0
8,96,503,-615,308,-24,-353,-459,462,-348,94,651,-230,453,60,-278,0,0
8,97,511,-611,306,-27,-353,-459,480,-343,94,651,-230,449,60,-276,0,0
8,98,510,-611,309,-27,-354,-463,465,-367,94,651,-230,450,60,-276,0,0
8,99,507,-614,306,-27,-359,-462,443,-378,94,651,-230,448,60,-278,0,0
8,100,505,-616,308,-25,-357,-457,453,-358,94,651,-230,450,60,-281,0,0
8,101,505,-617,315,-28,-349,-457,459,-363,94,651,-230,450,60,-279,0,0
8,102,510,-616,315,-33,-350,-458,440,-386,94,651,-230,448,60,-277,0,0
8,103,512,-615,310,-30,-359,-459,430,-389,94,651,-230,450,60,-280,0,0
8,104,503,-613,305,-25,-355,-464,442,-380,94,651,-230,451,60,-276,0,0
8,105,497,-612,305,-32,-348,-462,446,-379,94,651,-230,449,60,-274,0,0
8,106,503,-612,312,-35,-357,-456,444,-369,94,651,-230,450,60,-278,0,0
8,107,505,-611,314,-23,-365,-457,449,-359,94,651,-230,453,60,-278,0,0
8,108,501,-610,307,-18,-359,-462,445,-367,94,651,-230,454,60,-278,-1,0
8,109,500,-612,305,-29,-351,-461,441,-365,94,651,-230,449,60,-279,0,0
8,110,503,-612,307,-37,-351,-462,449,-351,94,651,-230,443,60,-276,-1,0
8,111,505,-611,308,-31,-359,-466,450,-361,94,651,-230,448,60,-274,0,0
8,112,504,-613,310,-27,-361,-463,438,-382,94,651,-230,457,60,-276,0,0
8,113,500,-613,309,-28,-353,-460,440,-378,94,651,-230,450,60,-279,0,0
8,114,501,-616,305,-32,-347,-463,449,-373,94,651,-230,448,60,-281,0,0
8,115,503,-620,306,-33,-350,-464,437,-386,94,651,-230,459,60,-280,0,0
8,116,500,-616,313,-32,-357,-461,436,-384,94,651,-230,460,60,-277,0,0
8,117,502,-612,315,-30,-358,-461,462,-367,94,651,-230,453,60,-277,0,0
8,118,505,-614,312,-27,-354,-461,464,-369,94,651,-230,456,60,-277,0,0
8,119,503,-615,312,-25,-357,-460,443,-379,94,651,-230,455,60,-279,0,0
8,120,508,-612,312,-31,-360,-459,444,-376,94,651,-230,445,60,-278,0,0
8,121,510,-612,308,-33,-360,-457,450,-374,94,651,-230,446,60,-277,0,0
8,122,501,-617,306,-27,-360,-458,439,-379,94,651,-230,454,60,-274,0,0
8,123,496,-617,309,-30,-357,-460,436,-382,94,651,-230,449,60,-273,0,0
8,124,505,-616,309,-37,-354,-457,446,-380,94,651,-230,450,60,-275,0,0
8,125,512,-618,306,-28,-353,-458,445,-379,94,651,-230,457,60,-276,0,0
8,126,508,-615,309,-22,-355,-460,444,-361,94,652,-230,454,60,-275,0,0
8,127,501,-611,310,-27,-359,-459,447,-329,94,651,-230,453,60,-274,0,0
8,128,500,-615,311,-26,-361,-461,443,-335,94,652,-230,457,60,-280,0,0
8,0,506,-619,310,-25,-354,-464,440,-372,94,654,-230,453,60,-283,0,0
8,1,505,-615,305,-26,-350,-460,445,-387,94,653,-230,454,60,-276,0,0
8,2,501,-612,304,-23,-351,-461,450,-380,94,650,-230,454,60,-272,0,0
8,3,502,-613,313,-23,-351,-464,440,-394,94,650,-230,449,60,-278,0,0
8,4,503,-613,314,-26,-356,-459,425,-401,94,652,-230,452,60,-279,0,0
8,5,505,-613,310,-26,-357,-461,431,-373,94,655,-230,460,60,-275,0,0
8,6,504,-617,310,-26,-348,-467,450,-342,94,655,-230,453,60,-279,0,0
8,7,504,-617,313,-27,-349,-463,452,-343,94,652,-230,445,60,-281,0,0
8,8,508,-615,313,-27,-361,-458,439,-371,94,648,-230,450,60,-279,0,0
8,9,508,-614,309,-26,-360,-462,437,-382,94,650,-230,450,60,-281,0,0
8,10,509,-611,311,-23,-354,-464,448,-371,94,654,-230,449,60,-278,0,0
8,11,509,-611,315,-25,-360,-465,450,-364,94,653,-230,454,60,-275,0,0
8,12,504,-617,313,-32,-359,-462,434,-363,94,651,-230,458,60,-277,0,0
8,13,500,-619,309,-33,-347,-458,427,-358,94,650,-230,456,60,-276,0,0
8,14,503,-614,311,-32,-348,-461,451,-352,94,649,-230,455,60,-275,0,0
8,15,503,-614,311,-33,-354,-465,467,-350,94,650,-230,452,60,-275,0,0
8,16,500,-616,307,-28,-352,-461,448,-354,94,651,-230,450,60,-273,0,0
8,17,504,-612,308,-29,-352,-455,434,-360,94,651,-230,452,60,-273,0,0
8,18,504,-609,313,-35,-356,-457,441,-353,94,651,-230,455,60,-277,0,0
8,19,505,-613,312,-33,-361,-463,445,-352,94,651,-230,456,60,-280,0,0
9,20,511,-614,306,-31,-363,-464,442,-362,94,651,-230,456,60,-279,0,0
9,21,506,-612,307,-35,-358,-460,445,-368,94,651,-230,453,60,-275,0,0
9,22,497,-616,314,-32,-351,-460,452,-366,94,651,-230,449,60,-274,0,0
9,23,503,-617,310,-25,-357,-463,447,-369,94,651,-230,451,60,-279,0,0
9,24,512,-612,307,-24,-367,-463,436,-373,94,651,-230,451,60,-277,0,0
9,25,504,-615,311,-26,-361,-463,438,-363,94,651,-230,449,60,-278,0,0
9,26,498,-618,309,-29,-350,-463,443,-349,94,651,-230,450,60,-281,0,0
9,27,502,-614,304,-26,-349,-458,449,-348,94,651,-230,452,60,-276,0,0
9,28,506,-616,310,-24,-356,-459,460,-357,94,651,-230,452,60,-275,0,0
9,29,508,-618,314,-25,-360,-463,465,-350,94,651,-230,447,60,-279,0,0
9,30,510,-611,312,-22,-357,-461,454,-352,94,651,-230,448,60,-278,0,0
9,31,507,-610,311,-21,-352,-461,443,-370,94,651,-230,450,61,-274,0,0
9,32,504,-617,308,-24,-353,-465,446,-368,94,652,-230,456,61,-275,0,0
9,33,510,-617,308,-23,-356,-462,445,-367,94,654,-230,461,61,-277,0,0
9,34,510,-614,312,-24,-358,-457,437,-379,94,654,-230,456,60,-274,0,0
9,35,500,-613,311,-34,-358,-460,448,-369,94,651,-230,446,60,-274,0,0
9,36,502,-612,312,-35,-353,-461,470,-345,94,649,-230,447,60,-279,0,0
9,37,512,-614,313,-26,-351,-460,465,-342,94,650,-230,458,60,-281,0,0
9,38,508,-615,313,-20,-353,-462,443,-356,94,651,-230,459,60,-278,0,0
9,39,503,-610,311,-23,-353,-462,438,-362,94,651,-230,452,61,-272,0,0
9,40,502,-612,307,-25,-349,-459,443,-359,94,651,-230,450,64,-272,0,0
9,41,501,-621,310,-24,-355,-458,443,-351,94,651,-230,455,64,-276,0,0
9,42,504,-618,317,-25,-363,-462,445,-350,94,651,-230,454,63,-275,-1,0
9,43,505,-611,317,-25,-355,-464,442,-356,94,651,-230,447,63,-273,0,0
9,44,501,-615,309,-25,-346,-460,437,-360,94,651,-230,451,63,-279,-1,0
9,45,507,-620,308,-29,-353,-457,453,-356,94,653,-230,456,63,-279,-1,0
9,46,512,-617,311,-33,-364,-459,465,-361,94,654,-230,451,63,-271,0,0
9,47,506,-614,309,-26,-364,-462,449,-367,94,657,-230,450,63,-276,-1,0
9,48,500,-617,310,-19,-359,-459,445,-355,94,657,-230,456,63,-281,-1,0
9,49,501,-618,315,-22,-353,-457,454,-340,94,653,-230,455,63,-276,-1,0
9,50,505,-613,313,-28,-351,-460,445,-349,94,651,-230,452,63,-280,0,0
9,51,508,-607,310,-25,-357,-461,433,-370,94,652,-230,448,63,-286,-1,0
9,52,506,-610,313,-24,-360,-460,442,-378,94,652,-230,447,63,-282,0,0
9,53,503,-617,315,-32,-357,-461,451,-367,94,651,-229,455,63,-279,-1,0
9,54,503,-616,313,-35,-352,-465,448,-359,94,652,-229,460,63,-281,0,0
9,55,503,-612,315,-25,-350,-466,441,-365,94,650,-229,453,63,-275,-1,0
9,56,502,-615,314,-22,-357,-464,438,-365,94,652,-229,450,63,-273,0,0
9,57,503,-613,306,-26,-366,-460,441,-357,94,656,-229,451,63,-275,0,0
9,58,502,-610,305,-26,-361,-459,452,-355,94,654,-229,446,63,-274,0,0
9,59,502,-614,309,-24,-348,-458,467,-365,94,651,-229,448,63,-277,0,0
9,60,508,-616,312,-27,-348,-458,475,-369,94,652,-229,457,63,-279,0,0
9,61,510,-617,310,-22,-359,-461,477,-350,94,650,-229,461,63,-272,0,0
9,62,505,-617,307,-20,-361,-464,471,-336,94,649,-229,455,63,-274,0,0
9,63,506,-616,311,-32,-353,-464,461,-342,94,651,-229,449,63,-282,0,0
9,64,507,-618,312,-36,-355,-460,468,-335,94,652,-229,453,63,-281,-1,0
9,65,505,-619,311,-24,-362,-456,481,-326,94,651,-229,453,63,-277,0,0
9,66,504,-613,311,-19,-354,-460,476,-338,94,652,-229,447,63,-278,0,0
9,67,501,-608,312,-27,-345,-465,471,-341,94,651,-229,451,63,-278,-1,0
9,68,499,-613,310,-30,-355,-459,471,-328,94,651,-229,455,63,-276,0,0
9,69,506,-616,310,-29,-362,-458,456,-343,94,654,-230,451,63,-275,0,0
9,70,507,-615,312,-29,-355,-465,439,-375,94,655,-232,455,63,-273,0,0
9,71,504,-612,311,-29,-353,-461,444,-386,94,653,-232,462,63,-274,0,0
9,72,504,-612,312,-27,-357,-454,467,-379,94,651,-232,455,63,-279,0,0
9,73,500,-616,312,-26,-358,-460,475,-373,94,651,-232,447,63,-279,0,0
9,74,501,-618,312,-29,-354,-464,467,-356,94,651,-232,448,63,-273,0,0
9,75,507,-618,315,-30,-351,-458,482,-329,94,651,-232,453,63,-274,0,0
9,76,502,-619,313,-28,-354,-458,502,-323,94,651,-232,459,63,-279,0,0
9,77,498,-618,309,-26,-354,-463,486,-344,94,651,-232,458,63,-274,0,0
9,78,503,-613,310,-21,-350,-462,467,-356,94,651,-232,449,63,-270,0,0
9,79,503,-611,312,-22,-355,-459,474,-350,94,651,-232,450,63,-276,0,0
9,80,501,-614,308,-27,-363,-461,476,-347,94,652,-232,451,63,-279,0,0
9,81,502,-617,309,-23,-363,-462,472,-339,94,654,-232,445,63,-280,0,0
9,82,506,-618,314,-20,-355,-460,472,-327,94,655,-232,447,63,-282,0,0
9,83,507,-617,312,-26,-351,-461,454,-348,94,655,-232,454,63,-282,0,0
9,84,505,-616,309,-31,-353,-464,449,-376,94,655,-232,451,63,-279,0,0
9,85,500,-615,305,-29,-358,-465,463,-372,94,655,-232,453,63,-276,0,0
9,86,500,-616,306,-30,-356,-459,455,-358,94,652,-232,455,63,-277,0,0
9,87,500,-617,308,-30,-352,-456,448,-346,94,651,-232,451,63,-281,0,0
9,88,497,-616,310,-26,-358,-462,469,-329,94,653,-232,457,63,-279,0,0
9,89,500,-613,309,-26,-364,-461,480,-328,94,654,-232,458,63,-273,0,0
9,90,508,-613,307,-25,-359,-452,469,-347,94,652,-232,452,63,-276,0,0
9,91,505,-616,307,-22,-352,-453,463,-354,94,651,-232,455,63,-281,0,0
9,92,497,-616,309,-22,-354,-466,457,-346,94,651,-232,457,63,-277,0,0
9,93,502,-613,312,-26,-358,-467,444,-350,94,651,-232,454,63,-278,0,0
9,94,505,-612,313,-28,-360,-458,438,-365,94,651,-232,458,63,-284,0,0
9,95,501,-615,309,-28,-362,-457,446,-358,94,651,-233,460,63,-281,0,0
9,96,505,-617,305,-32,-360,-460,450,-351,94,651,-233,454,63,-277,0,0
9,97,506,-613,306,-38,-354,-461,441,-374,94,651,-228,452,63,-278,-1,0
9,98,502,-612,310,-37,-354,-462,452,-380,94,651,-227,455,63,-275,0,0
9,99,504,-615,309,-30,-356,-462,474,-351,94,651,-231,456,63,-273,-1,0
9,100,504,-616,310,-28,-350,-463,475,-333,94,651,-231,454,63,-278,0,0
9,101,505,-613,313,-29,-351,-464,468,-337,94,651,-228,448,63,-282,-1,0
9,102,509,-613,309,-23,-357,-463,471,-343,94,651,-229,446,63,-279,-1,0
9,103,504,-617,305,-22,-352,-465,474,-351,94,651,-229,454,63,-277,-1,0
9,104,496,-617,308,-31,-352,-462,463,-356,94,651,-229,457,63,-278,0,0
9,105,503,-617,308,-30,-354,-454,448,-352,94,651,-231,455,63,-279,0,0
9,106,509,-617,306,-29,-354,-454,435,-360,94,652,-232,454,63,-276,0,0
9,107,503,-612,309,-33,-352,-464,435,-370,94,650,-232,453,63,-273,0,0
9,108,499,-607,310,-29,-350,-466,449,-355,94,649,-232,451,63,-277,0,0
9,109,506,-612,308,-23,-355,-461,456,-347,94,651,-232,452,63,-279,0,0
9,110,509,-617,312,-28,-363,-461,443,-374,94,651,-232,454,63,-276,0,0
9,111,501,-613,313,-27,-362,-462,433,-381,94,649,-232,455,63,-274,0,0
9,112,499,-612,310,-20,-350,-462,441,-360,94,649,-232,453,63,-277,0,0
9,113,502,-614,311,-26,-349,-459,443,-364,94,650,-232,453,63,-279,0,0
9,114,498,-614,311,-36,-352,-459,439,-372,94,649,-232,458,63,-280,0,0
9,115,498,-614,309,-35,-353,-463,453,-350,94,649,-232,460,63,-280,0,0
9,116,508,-614,310,-28,-357,-464,472,-343,94,654,-232,455,63,-279,0,0
9,117,513,-616,312,-24,-355,-460,474,-356,94,656,-232,452,63,-276,0,0
9,118,508,-616,309,-26,-353,-459,462,-365,94,652,-232,453,63,-273,0,0
9,119,501,-618,307,-28,-358,-462,445,-378,94,650,-232,454,63,-274,0,0
9,120,502,-620,310,-26,-360,-461,438,-381,94,654,-232,452,63,-280,0,0
9,121,508,-617,308,-24,-356,-459,452,-361,94,654,-232,450,63,-277,0,0
9,122,508,-615,305,-26,-355,-461,456,-358,94,651,-232,451,63,-273,0,0
9,123,504,-614,311,-28,-353,-461,438,-380,94,651,-232,454,63,-274,0,0
9,124,502,-611,315,-27,-351,-459,436,-384,94,652,-232,453,63,-273,0,0
9,125,502,-612,309,-31,-358,-461,443,-371,94,651,-232,452,63,-271,0,0
9,126,505,-616,306,-37,-361,-467,440,-377,94,651,-232,452,63,-275,0,0
9,127,505,-615,307,-35,-354,-464,449,-380,94,651,-232,450,63,-279,0,0
9,128,504,-613,312,-27,-360,-457,447,-382,94,651,-232,455,63,-280,0,0
9,0,501,-614,319,-28,-364,-460,425,-408,94,651,-232,459,63,-280,0,0
9,1,501,-613,315,-31,-352,-463,426,-419,94,651,-232,453,63,-279,0,0
9,2,504,-614,307,-26,-351,-459,446,-393,94,651,-233,448,63,-279,0,0
9,3,501,-614,309,-30,-366,-460,448,-374,94,651,-232,449,63,-282,0,0
9,4,503,-611,311,-35,-366,-464,438,-387,94,651,-232,451,63,-279,0,0
9,5,507,-612,305,-29,-352,-463,438,-390,94,651,-233,452,63,-276,0,0
9,6,506,-615,307,-24,-349,-461,446,-382,94,651,-232,455,63,-279,0,0
9,7,504,-613,316,-26,-361,-461,451,-393,94,651,-228,454,63,-282,0,0
9,8,501,-613,314,-26,-365,-459,444,-406,94,651,-228,450,63,-281,0,0
9,9,501,-616,309,-27,-354,-457,438,-399,94,651,-231,449,63,-278,0,0
9,10,502,-612,308,-33,-350,-461,442,-385,94,651,-229,452,63,-276,0,0
9,11,500,-611,308,-30,-356,-464,440,-385,94,651,-228,456,63,-275,0,0
9,12,498,-615,313,-30,-350,-460,433,-389,94,651,-229,456,63,-277,0,0
9,13,508,-617,317,-29,-349,-457,437,-384,94,651,-229,454,63,-281,0,0
9,14,511,-615,311,-28,-357,-458,441,-380,94,651,-229,452,63,-281,0,0
9,15,502,-614,305,-30,-353,-459,431,-391,94,651,-229,453,63,-277,0,0
9,16,500,-616,308,-28,-349,-460,433,-397,94,651,-229,454,63,-275,0,0
9,17,502,-617,313,-24,-353,-461,439,-391,94,651,-229,458,63,-281,0,0
9,18,503,-613,314,-26,-354,-459,428,-405,94,651,-231,457,63,-283,0,0
9,19,505,-608,309,-28,-351,-463,437,-411,94,651,-233,450,63,-279,0,0
