0,34,508,-620,312,-35,-358,-444,472,-382,97,652,-235,533,62,-275,-1,0
0,35,506,-618,311,-38,-359,-454,474,-368,97,651,-235,533,62,-277,-2,0
0,36,501,-611,306,-40,-362,-453,469,-370,97,651,-235,532,60,-280,-2,0
0,37,503,-611,308,-34,-364,-447,470,-376,97,654,-235,531,59,-274,-2,0
0,38,506,-614,315,-28,-356,-446,475,-366,97,653,-235,532,63,-273,-2,0
0,39,503,-615,315,-32,-353,-443,468,-365,97,650,-235,529,62,-279,-2,0
0,40,505,-612,311,-32,-360,-443,476,-355,97,650,-235,527,58,-281,-2,0
0,41,510,-609,311,-18,-357,-442,485,-330,97,650,-235,531,60,-276,-2,0
0,42,507,-610,313,-21,-354,-443,472,-357,97,649,-235,538,62,-274,-2,0
0,43,499,-615,311,-37,-363,-446,482,-414,97,649,-235,534,61,-276,-1,0
0,44,503,-618,310,-37,-365,-445,504,-415,97,650,-235,524,60,-276,-1,0
0,45,508,-617,311,-35,-355,-445,486,-372,97,649,-235,524,63,-274,-2,0
0,46,505,-616,310,-40,-356,-447,455,-363,97,649,-234,532,62,-275,-2,0
0,47,503,-614,307,-37,-363,-442,463,-378,97,650,-235,535,58,-275,-2,0
0,48,505,-610,305,-25,-359,-437,480,-363,97,650,-236,534,59,-276,-2,0
0,49,505,-613,311,-19,-354,-444,479,-349,97,650,-231,533,61,-276,-2,0
0,50,502,-619,311,-22,-358,-449,476,-369,97,650,-228,527,61,-276,-2,0
0,51,504,-615,306,-25,-357,-446,472,-377,97,650,-229,529,60,-277,-1,0
0,52,507,-609,313,-20,-351,-445,478,-362,97,650,-228,533,61,-277,-1,0
0,53,505,-611,321,-21,-355,-446,494,-357,97,650,-227,532,61,-279,-1,1
0,54,503,-614,315,-33,-361,-447,505,-347,97,650,-230,530,60,-277,-1,1
0,55,508,-616,306,-35,-357,-445,507,-325,97,650,-231,532,62,-274,-1,1
0,56,506,-618,311,-26,-355,-447,503,-336,97,650,-228,536,64,-278,-1,1
0,57,501,-615,316,-28,-357,-453,498,-356,97,650,-228,535,64,-277,-1,1
0,58,503,-613,310,-31,-359,-449,498,-347,97,650,-230,531,62,-271,-1,1
0,59,504,-610,311,-27,-361,-442,495,-342,97,650,-231,530,62,-273,-1,1
0,60,502,-608,314,-25,-361,-446,475,-355,97,650,-232,534,64,-277,-1,1
0,61,499,-610,312,-28,-357,-450,467,-352,97,650,-232,534,61,-274,-1,1
0,62,500,-608,308,-29,-353,-439,493,-342,97,650,-232,530,56,-275,-1,1
0,63,503,-608,311,-35,-356,-437,510,-347,97,650,-232,529,60,-280,-1,1
0,64,503,-614,316,-38,-357,-448,488,-361,97,650,-232,530,65,-277,-1,1
0,65,501,-618,315,-31,-356,-449,465,-373,97,650,-232,534,64,-275,-1,1
0,66,501,-616,310,-27,-357,-444,473,-376,97,650,-232,534,61,-279,-1,1
0,67,506,-615,310,-29,-358,-446,483,-368,97,650,-232,530,62,-281,-1,1
0,68,506,-615,311,-29,-361,-447,474,-355,97,650,-232,531,63,-275,-1,1
0,69,502,-612,304,-25,-359,-446,474,-345,97,650,-232,532,63,-272,-1,1
0,70,503,-611,302,-22,-353,-447,469,-360,97,650,-232,531,63,-280,-1,1
0,71,506,-612,306,-22,-357,-447,459,-382,97,650,-232,531,63,-282,-1,1
0,72,506,-610,306,-22,-362,-445,456,-370,97,650,-232,533,63,-274,-1,1
0,73,506,-609,306,-21,-360,-447,472,-354,97,649,-232,533,63,-278,-1,0
0,74,509,-610,312,-25,-349,-449,504,-364,97,649,-232,531,63,-284,-1,0
0,75,505,-611,310,-25,-346,-447,496,-368,97,650,-232,532,63,-279,-1,0
0,76,499,-612,302,-25,-354,-444,447,-362,97,649,-232,533,63,-276,-2,0
0,77,503,-612,308,-33,-356,-446,442,-362,97,649,-232,533,63,-277,-2,0
0,78,502,-610,316,-31,-353,-448,478,-362,97,652,-232,531,63,-278,-2,0
0,79,494,-612,314,-27,-359,-448,478,-365,97,653,-232,529,63,-279,-2,0
0,80,497,-618,312,-33,-365,-445,462,-373,97,650,-232,531,63,-276,-2,-1
0,81,508,-616,312,-31,-363,-448,475,-374,97,649,-232,534,63,-274,-2,-1
0,82,511,-610,314,-28,-362,-451,481,-363,97,652,-232,532,63,-279,-2,-1
0,83,503,-611,312,-30,-359,-445,474,-363,97,652,-232,531,63,-279,-1,-1
0,84,498,-615,308,-25,-358,-442,470,-378,97,651,-232,533,63,-274,-1,0
0,85,502,-614,309,-21,-360,-446,469,-389,97,651,-232,530,63,-278,-1,0
0,86,502,-615,309,-30,-357,-448,473,-382,97,651,-232,529,63,-285,-1,0
0,87,496,-616,306,-26,-359,-448,479,-362,97,651,-232,532,63,-282,-1,0
0,88,499,-615,307,-21,-363,-450,478,-355,97,651,-232,534,63,-276,-1,0
0,89,507,-614,312,-30,-361,-444,477,-359,97,652,-232,534,63,-275,-1,0
0,90,508,-615,312,-31,-359,-440,484,-354,97,651,-232,534,63,-276,-2,0
0,91,507,-615,308,-29,-361,-446,473,-363,97,652,-232,531,63,-278,-2,0
0,92,504,-614,310,-34,-357,-447,463,-373,97,657,-232,527,63,-280,-2,0
0,93,500,-615,313,-32,-355,-446,497,-340,97,657,-232,530,63,-277,-2,0
0,94,503,-614,312,-24,-357,-450,510,-329,97,651,-232,535,63,-275,-2,0
0,95,507,-610,312,-30,-355,-448,473,-379,97,648,-232,532,63,-279,-2,0
0,96,499,-610,313,-37,-357,-442,462,-397,97,650,-232,530,63,-278,-2,1
0,97,496,-616,312,-31,-360,-443,482,-376,97,650,-232,534,63,-276,-2,1
0,98,509,-619,307,-31,-358,-451,473,-388,97,648,-232,535,63,-279,-2,0
0,99,515,-613,310,-35,-354,-450,467,-397,97,651,-232,533,63,-277,-2,0
0,100,505,-606,315,-28,-353,-441,477,-379,97,656,-232,533,63,-274,-2,0
0,101,502,-607,313,-27,-359,-439,473,-382,97,658,-232,533,63,-279,-2,-1
0,102,506,-613,309,-30,-359,-447,472,-389,97,653,-232,532,63,-279,-3,-1
0,103,506,-615,312,-25,-355,-445,470,-381,97,649,-232,530,63,-276,-3,-1
0,104,506,-615,314,-21,-356,-444,452,-385,97,649,-232,532,63,-280,-3,-1
0,105,508,-613,307,-21,-356,-448,446,-397,97,650,-232,535,63,-277,-3,-1
0,106,504,-608,305,-27,-354,-443,460,-399,97,649,-232,532,63,-273,-3,-1
0,107,499,-609,307,-30,-361,-440,462,-394,97,649,-232,528,63,-275,-3,-1
0,108,501,-612,308,-25,-365,-447,453,-389,97,649,-232,530,63,-276,-2,-2
0,109,501,-614,310,-23,-358,-451,461,-377,97,649,-232,532,63,-281,-3,-2
0,110,497,-617,312,-29,-355,-447,474,-366,97,649,-232,531,63,-285,-3,-2
0,111,501,-614,310,-30,-359,-446,474,-365,97,649,-232,533,63,-279,-3,-2
0,112,504,-612,304,-27,-356,-448,468,-378,97,649,-232,530,63,-275,-3,-2
0,113,501,-616,306,-28,-346,-447,466,-384,97,649,-232,524,63,-277,-3,-2
0,114,498,-615,312,-31,-346,-445,474,-368,97,649,-232,527,63,-278,-3,-2
0,115,506,-609,313,-29,-354,-445,474,-358,97,649,-232,529,63,-280,-3,-1
0,116,511,-610,310,-23,-358,-446,459,-374,97,649,-232,526,63,-280,-3,-1
0,117,504,-615,313,-24,-356,-447,457,-386,97,649,-232,528,63,-278,-3,-1
0,118,502,-616,313,-32,-358,-448,477,-375,97,649,-232,532,63,-276,-3,-1
0,119,508,-616,306,-32,-358,-444,476,-372,97,649,-232,530,63,-275,-3,-1
0,120,509,-616,306,-28,-359,-446,446,-388,97,649,-232,529,63,-276,-4,-1
0,121,504,-617,309,-28,-360,-457,449,-391,97,649,-232,532,63,-278,-4,-1
0,122,499,-618,309,-28,-357,-454,477,-384,97,649,-232,532,63,-276,-4,-1
0,123,501,-617,311,-25,-358,-443,478,-379,97,649,-232,534,63,-275,-4,-1
0,124,506,-613,311,-26,-357,-446,472,-354,97,650,-232,532,63,-278,-4,-1
0,125,506,-613,308,-27,-355,-450,479,-330,97,649,-232,527,62,-278,-4,-1
0,126,500,-615,310,-23,-358,-442,473,-349,97,649,-232,528,63,-273,-4,-1
0,127,502,-614,311,-24,-357,-442,465,-369,97,654,-232,534,63,-274,-4,-1
0,128,505,-613,308,-27,-349,-447,473,-363,97,657,-232,535,60,-280,-4,0
0,0,505,-615,310,-25,-354,-447,468,-375,97,652,-232,531,59,-277,-4,0
0,1,502,-617,313,-27,-360,-445,460,-394,97,648,-232,530,62,-271,-4,0
0,2,502,-619,312,-34,-354,-446,471,-378,97,649,-232,530,64,-276,-4,0
0,3,507,-614,309,-28,-356,-449,474,-368,97,649,-232,529,63,-281,-4,0
0,4,507,-608,309,-23,-359,-447,472,-378,97,649,-232,530,64,-280,-4,0
0,5,501,-613,309,-26,-356,-445,489,-383,97,650,-232,531,63,-279,-3,1
0,6,505,-620,307,-29,-355,-446,499,-377,97,649,-232,528,61,-278,-3,1
0,7,510,-618,308,-28,-354,-444,489,-357,97,649,-232,527,61,-274,-3,1
0,8,501,-615,306,-28,-352,-443,482,-345,97,653,-232,528,61,-278,-3,0
0,9,499,-614,306,-27,-353,-448,478,-365,97,654,-232,530,60,-282,-3,0
0,10,506,-615,310,-28,-358,-446,474,-372,97,649,-232,530,62,-284,-3,0
0,11,504,-618,311,-30,-356,-445,474,-354,97,651,-232,528,63,-285,-3,0
0,12,505,-617,310,-29,-346,-449,486,-359,97,654,-232,530,62,-279,-2,-1
0,13,506,-613,308,-32,-351,-447,496,-374,97,652,-232,531,62,-277,-2,-1
0,14,509,-612,309,-28,-356,-442,486,-389,97,652,-232,529,63,-277,-2,-1
0,15,505,-613,311,-22,-351,-448,467,-415,97,655,-232,529,63,-275,-2,-1
0,16,498,-618,310,-24,-352,-449,470,-412,97,652,-232,530,63,-280,-2,-1
0,17,506,-615,308,-24,-354,-442,482,-384,97,648,-232,530,63,-279,-2,-1
0,18,509,-612,308,-27,-353,-447,478,-373,97,651,-232,530,63,-274,-2,-2
0,19,503,-616,309,-30,-357,-449,472,-375,97,652,-232,531,63,-276,-2,-1
0,20,501,-614,308,-27,-359,-443,471,-372,97,651,-232,529,63,-281,-2,-1
0,21,500,-609,305,-34,-358,-445,476,-367,97,651,-232,527,63,-282,-2,-1
0,22,501,-610,315,-34,-354,-444,481,-364,97,651,-232,530,63,-278,-1,-1
0,23,502,-617,316,-28,-353,-445,472,-364,97,651,-232,531,63,-277,-1,-1
0,24,503,-619,308,-24,-357,-450,468,-369,97,651,-232,530,63,-280,-1,-1
0,25,504,-613,313,-25,-360,-445,474,-373,97,652,-232,531,63,-277,-1,-1
0,26,499,-613,316,-34,-358,-440,478,-373,97,653,-232,532,63,-277,-1,-1
0,27,502,-616,315,-33,-353,-444,480,-365,97,654,-232,530,63,-280,-1,-1
0,28,505,-615,317,-28,-354,-441,478,-356,97,653,-232,530,64,-278,-1,-1
0,29,502,-614,312,-31,-357,-441,482,-358,97,653,-232,530,63,-281,-1,-1
0,30,505,-614,307,-32,-354,-451,492,-363,97,654,-232,529,60,-283,-1,-1
0,31,505,-612,311,-28,-354,-452,486,-365,97,653,-232,528,61,-279,-1,-1
0,32,499,-613,314,-25,-354,-445,472,-368,97,653,-232,527,63,-275,-1,-1
0,33,505,-613,312,-28,-353,-446,465,-375,97,653,-232,531,62,-275,-1,-1
0,34,515,-610,313,-32,-353,-455,471,-368,97,653,-232,528,63,-276,-1,-1
1,35,510,-614,313,-31,-348,-454,490,-348,97,653,-232,519,64,-276,-1,-1
1,36,503,-616,311,-29,-351,-446,506,-345,97,654,-232,522,63,-276,-1,-1
1,37,506,-610,313,-29,-360,-447,502,-356,97,653,-232,533,62,-277,-1,-1
1,38,506,-611,316,-32,-359,-455,496,-353,97,653,-232,531,63,-280,-1,-1
1,39,501,-619,312,-33,-353,-455,504,-344,97,655,-232,525,62,-281,-1,-1
1,40,499,-618,310,-32,-353,-448,504,-347,97,652,-232,529,61,-279,-1,-1
1,41,503,-611,313,-31,-357,-447,499,-356,97,649,-232,531,61,-274,-1,0
1,42,501,-611,312,-34,-359,-448,496,-363,97,650,-232,529,61,-276,-1,0
1,43,497,-614,308,-34,-357,-448,501,-371,97,652,-232,530,61,-280,-1,0
1,44,500,-613,308,-30,-353,-446,510,-374,97,651,-232,530,61,-275,-1,0
1,45,507,-613,309,-30,-353,-448,498,-365,97,651,-232,527,63,-274,-1,0
1,46,507,-614,309,-32,-356,-458,474,-364,97,652,-232,529,63,-277,-1,0
1,47,503,-615,311,-31,-356,-457,465,-359,97,651,-232,527,63,-277,-1,0
1,48,505,-617,315,-30,-352,-448,474,-337,97,651,-232,521,63,-273,-1,0
1,49,505,-618,316,-30,-351,-451,479,-344,97,652,-232,524,63,-273,-1,0
1,50,502,-616,312,-31,-352,-451,473,-382,97,650,-232,527,63,-279,-1,0
1,51,501,-614,310,-31,-355,-447,469,-392,97,649,-232,521,63,-281,-1,0
1,52,505,-616,309,-32,-357,-449,475,-381,97,652,-232,525,63,-277,-1,0
1,53,509,-614,310,-31,-355,-446,480,-378,97,651,-232,533,63,-277,-1,0
1,54,505,-612,310,-29,-358,-442,476,-382,97,649,-232,528,63,-282,-1,1
1,55,501,-614,310,-33,-358,-450,465,-387,97,649,-232,526,63,-282,-1,1
1,56,504,-612,313,-36,-356,-453,467,-380,97,650,-232,536,63,-275,-1,1
1,57,505,-608,311,-33,-358,-447,491,-369,97,649,-232,529,63,-277,-1,1
1,58,502,-613,308,-35,-357,-447,504,-373,97,649,-232,517,63,-282,0,1
1,59,502,-619,312,-31,-355,-450,488,-370,97,650,-232,523,63,-281,0,1
1,60,506,-612,315,-22,-355,-452,476,-350,97,650,-232,533,63,-275,0,1
1,61,504,-610,311,-27,-355,-453,477,-355,97,650,-232,533,63,-277,0,0
1,62,502,-622,312,-34,-356,-450,469,-383,97,650,-232,525,63,-283,0,0
1,63,504,-623,316,-32,-363,-450,462,-392,97,650,-232,519,63,-279,0,0
1,64,507,-611,313,-29,-360,-452,471,-386,97,650,-232,527,63,-272,0,0
1,65,503,-612,313,-29,-350,-450,478,-384,97,650,-232,528,63,-277,0,0
1,66,500,-617,313,-26,-352,-447,477,-386,97,650,-232,520,63,-282,0,0
1,67,505,-614,310,-29,-356,-449,467,-389,97,650,-232,523,63,-277,0,0
1,68,509,-612,311,-34,-355,-450,460,-388,97,650,-232,528,61,-275,1,0
1,69,507,-613,312,-31,-353,-446,468,-387,97,650,-232,525,60,-279,1,-1
1,70,508,-613,310,-24,-354,-445,476,-381,97,650,-232,528,60,-282,1,-1
1,71,509,-615,311,-26,-355,-450,475,-385,97,650,-232,532,60,-279,1,-1
1,72,506,-615,313,-32,-356,-452,468,-403,97,650,-232,527,62,-273,1,-1
1,73,505,-612,308,-31,-356,-449,466,-392,97,650,-232,522,63,-275,1,-1
1,74,504,-614,305,-30,-353,-449,474,-352,97,650,-232,523,59,-280,1,-1
1,75,502,-615,306,-33,-356,-452,475,-370,97,650,-232,527,58,-278,1,-1
1,76,504,-613,309,-31,-359,-450,451,-435,97,649,-232,525,62,-274,1,-1
1,77,505,-617,312,-28,-354,-449,447,-431,97,649,-232,524,61,-279,1,-1
1,78,500,-618,313,-28,-351,-450,474,-388,97,650,-232,534,57,-281,1,-1
1,79,497,-614,312,-29,-354,-448,476,-404,97,650,-232,533,58,-276,1,-1
1,80,501,-613,311,-30,-354,-447,462,-418,97,649,-232,524,63,-275,0,0
1,81,508,-616,311,-30,-351,-449,471,-391,97,650,-232,530,63,-275,0,-1
1,82,508,-617,314,-30,-354,-446,473,-390,97,654,-232,532,61,-277,0,-1
1,83,504,-617,315,-30,-354,-447,464,-394,97,656,-232,523,63,-278,0,-1
1,84,506,-618,313,-31,-350,-449,484,-356,97,654,-232,521,64,-279,0,-1
1,85,508,-616,310,-31,-354,-444,508,-334,97,652,-232,529,62,-280,0,-1
1,86,507,-611,310,-31,-358,-446,495,-358,97,651,-232,532,61,-278,0,-1
1,87,506,-610,311,-31,-355,-450,480,-383,97,652,-232,527,60,-274,0,-1
1,88,504,-616,311,-31,-359,-444,483,-389,97,651,-232,529,60,-276,0,-1
1,89,503,-616,310,-29,-364,-442,475,-388,97,651,-232,530,61,-280,0,-1
1,90,504,-612,313,-27,-355,-449,472,-388,97,651,-232,525,62,-277,0,-1
1,91,503,-612,318,-31,-346,-450,489,-384,97,651,-232,527,63,-274,0,0
1,92,499,-612,314,-31,-352,-448,488,-375,97,651,-232,529,64,-279,0,0
1,93,502,-615,309,-25,-358,-449,473,-383,97,651,-232,528,62,-284,0,0
1,94,506,-615,313,-26,-356,-449,474,-382,97,651,-232,527,61,-281,0,0
1,95,504,-609,315,-30,-358,-449,482,-359,97,652,-232,528,62,-274,0,0
1,96,502,-607,311,-30,-362,-449,482,-359,97,651,-232,531,63,-276,0,0
1,97,504,-609,309,-26,-356,-446,483,-384,97,651,-232,530,62,-278,0,0
1,98,504,-610,310,-27,-353,-445,472,-403,97,654,-232,526,62,-274,0,0
1,99,504,-611,311,-32,-357,-445,465,-402,97,654,-232,529,63,-277,0,0
1,100,506,-614,312,-29,-356,-447,488,-379,97,652,-232,532,63,-281,0,0
1,101,505,-613,312,-24,-350,-451,498,-363,97,653,-232,521,63,-278,0,0
1,102,504,-614,313,-28,-351,-451,488,-373,97,655,-232,518,63,-276,0,0
1,103,505,-614,311,-34,-350,-450,497,-374,97,655,-232,527,63,-277,0,0
1,104,506,-612,311,-32,-349,-450,503,-346,97,654,-232,530,63,-275,0,-1
1,105,505,-617,314,-25,-352,-450,482,-341,97,655,-232,528,63,-278,0,-1
1,106,505,-620,311,-22,-356,-450,472,-376,97,655,-232,525,63,-278,0,-1
1,107,507,-613,309,-27,-356,-451,475,-392,97,655,-232,525,63,-277,0,-1
1,108,509,-617,312,-31,-352,-451,464,-380,97,655,-232,529,63,-280,0,-1
1,109,503,-623,312,-28,-349,-451,465,-378,97,655,-232,531,63,-278,0,-1
1,110,499,-616,309,-28,-359,-451,476,-388,97,655,-232,529,63,-279,0,-1
1,111,505,-611,311,-33,-364,-449,473,-390,97,655,-232,527,63,-284,-1,-1
1,112,506,-614,312,-33,-355,-451,470,-384,97,655,-232,530,63,-280,-1,-1
1,113,502,-615,312,-32,-352,-452,480,-374,97,655,-232,529,63,-276,-1,-1
1,114,503,-614,312,-32,-366,-448,489,-367,97,655,-232,521,63,-279,-1,-1
1,115,507,-616,309,-29,-363,-445,487,-365,97,655,-232,523,63,-275,-1,-1
1,116,504,-617,310,-24,-351,-449,478,-369,97,655,-232,524,63,-268,-1,-1
1,117,502,-617,314,-28,-352,-453,472,-378,97,655,-232,514,63,-277,-1,-1
1,118,508,-617,312,-33,-355,-450,474,-376,97,655,-232,521,63,-285,-1,-1
1,119,507,-615,309,-30,-356,-450,479,-364,97,655,-232,536,63,-281,-1,0
1,120,500,-613,313,-28,-361,-453,477,-363,97,655,-232,532,63,-277,-1,0
1,121,501,-614,312,-26,-364,-449,473,-378,97,655,-232,526,63,-281,0,0
1,122,507,-615,312,-25,-354,-444,469,-395,97,655,-232,532,63,-279,0,0
1,123,506,-614,314,-28,-348,-448,472,-389,97,655,-232,530,63,-274,0,0
1,124,503,-614,312,-35,-353,-450,494,-370,97,655,-232,528,63,-278,0,0
1,125,508,-616,311,-30,-357,-446,505,-373,97,655,-232,530,63,-280,0,0
1,126,509,-618,313,-21,-355,-443,484,-388,97,655,-232,527,63,-276,0,0
1,127,506,-616,311,-24,-351,-444,467,-391,97,655,-232,528,63,-277,0,0
1,128,509,-616,310,-25,-352,-447,480,-380,97,655,-232,533,63,-280,0,0
1,0,511,-619,312,-19,-355,-449,490,-363,97,655,-232,522,63,-276,0,0
1,1,507,-616,310,-22,-355,-443,493,-363,97,655,-232,512,63,-272,0,0
1,2,507,-610,311,-33,-353,-439,491,-388,97,655,-232,523,63,-278,0,-1
1,3,504,-614,315,-31,-354,-449,469,-404,97,655,-232,534,63,-280,0,-1
1,4,500,-615,311,-30,-356,-455,458,-388,97,655,-232,529,63,-273,0,0
1,5,503,-611,308,-35,-358,-449,474,-368,97,655,-232,520,63,-275,0,-1
1,6,503,-614,310,-32,-358,-448,483,-374,97,655,-232,524,63,-279,0,0
1,7,500,-616,311,-28,-358,-452,473,-385,97,655,-232,529,63,-278,0,0
1,8,501,-616,307,-28,-365,-452,474,-380,97,655,-232,525,63,-279,0,0
1,9,507,-613,307,-30,-367,-452,478,-380,97,655,-232,522,63,-280,0,0
1,10,508,-611,313,-30,-355,-453,472,-383,97,655,-232,529,63,-277,0,0
1,11,502,-613,316,-27,-349,-451,475,-366,97,655,-232,531,63,-277,0,0
1,12,499,-614,313,-27,-359,-448,476,-364,97,655,-232,528,63,-280,0,0
1,13,503,-613,307,-30,-361,-443,464,-399,97,655,-232,531,63,-275,0,0
1,14,503,-614,307,-29,-353,-442,450,-414,97,655,-232,529,63,-270,0,0
1,15,499,-616,312,-30,-350,-450,461,-388,97,655,-232,527,63,-273,0,0
1,16,505,-614,313,-35,-352,-453,495,-372,97,655,-232,531,63,-278,0,0
1,17,508,-616,311,-28,-356,-447,501,-383,97,655,-232,530,63,-276,0,0
1,18,502,-620,311,-19,-359,-445,478,-375,97,655,-232,531,63,-275,0,0
1,19,504,-616,315,-25,-357,-447,469,-361,97,655,-232,534,63,-275,0,0
1,20,512,-614,312,-34,-352,-449,473,-375,97,655,-232,527,63,-276,0,0
1,21,511,-616,308,-32,-357,-449,473,-393,97,655,-232,525,63,-277,0,0
1,22,503,-613,313,-28,-365,-448,469,-397,97,655,-232,530,63,-273,0,0
1,23,504,-613,315,-34,-361,-448,466,-402,97,655,-232,528,63,-272,0,1
1,24,507,-616,310,-32,-354,-446,463,-414,97,655,-232,524,63,-278,0,1
1,25,504,-613,309,-21,-356,-447,467,-402,97,655,-232,526,63,-280,0,0
1,26,504,-612,314,-23,-357,-444,476,-381,97,655,-232,528,63,-276,0,0
1,27,505,-614,311,-33,-353,-445,491,-382,97,655,-232,530,63,-276,0,0
1,28,504,-616,308,-33,-351,-450,508,-363,97,655,-232,523,63,-280,0,0
1,29,501,-616,314,-28,-353,-449,501,-329,97,655,-232,517,63,-276,0,0
1,30,503,-612,316,-32,-355,-446,475,-354,97,655,-232,525,63,-273,0,0
1,31,505,-607,311,-34,-361,-443,465,-406,97,655,-232,532,63,-278,0,0
1,32,506,-612,310,-29,-361,-444,474,-405,97,655,-232,531,63,-279,0,0
1,33,508,-618,315,-25,-355,-449,476,-391,97,655,-232,526,63,-274,0,0
1,34,508,-616,316,-25,-354,-453,473,-396,97,655,-232,519,63,-273,0,0
2,35,504,-612,312,-29,-354,-452,470,-394,97,655,-232,523,63,-279,0,0
2,36,504,-613,312,-33,-353,-449,469,-390,97,654,-232,532,63,-280,0,0
2,37,507,-613,315,-34,-355,-447,493,-380,97,655,-232,533,63,-275,0,0
2,38,504,-613,313,-34,-358,-446,502,-380,97,654,-232,524,63,-273,0,0
2,39,500,-613,311,-30,-353,-453,475,-397,97,650,-232,518,63,-275,-1,0
2,40,504,-611,314,-29,-357,-455,479,-383,97,649,-232,527,63,-274,-1,0
2,41,504,-611,313,-34,-361,-455,501,-362,97,650,-232,527,63,-275,-1,0
2,42,500,-611,310,-33,-357,-454,482,-379,97,650,-232,514,63,-279,-1,0
2,43,502,-614,311,-29,-357,-445,464,-392,97,649,-232,517,63,-279,-1,0
2,44,509,-615,311,-32,-358,-443,478,-382,97,649,-232,530,62,-275,-1,0
2,45,509,-612,309,-30,-351,-452,478,-397,97,651,-232,526,60,-276,-1,0
2,46,505,-611,312,-22,-352,-452,465,-425,97,653,-232,526,60,-279,-1,0
2,47,506,-613,314,-25,-363,-443,468,-418,97,651,-232,533,63,-278,-1,0
2,48,507,-615,312,-33,-367,-447,487,-392,97,650,-232,528,64,-280,-1,0
2,49,502,-614,310,-31,-365,-450,506,-382,97,650,-232,526,63,-280,-1,0
2,50,501,-612,312,-28,-361,-441,499,-391,97,650,-232,532,63,-276,-1,0
2,51,506,-609,313,-32,-355,-445,479,-393,97,649,-232,524,63,-278,-1,0
2,52,510,-611,312,-32,-352,-455,488,-382,97,649,-232,515,63,-280,-1,0
2,53,505,-616,311,-28,-353,-454,509,-378,97,649,-232,523,63,-274,-1,0
2,54,500,-616,313,-29,-357,-446,498,-383,97,652,-232,531,62,-271,-1,0
2,55,505,-614,315,-36,-354,-446,481,-383,97,654,-232,530,59,-278,-1,0
2,56,506,-614,316,-35,-351,-450,476,-385,97,650,-232,525,57,-281,-1,0
2,57,504,-614,314,-27,-353,-449,473,-392,97,649,-232,522,57,-279,0,0
2,58,508,-613,312,-29,-355,-449,484,-389,97,651,-232,526,62,-277,-1,0
2,59,509,-613,311,-34,-360,-451,510,-380,97,652,-232,523,63,-277,-1,0
2,60,507,-612,311,-31,-364,-450,510,-377,97,653,-232,520,61,-277,-1,0
2,61,508,-611,312,-31,-358,-448,498,-373,97,652,-232,526,61,-279,-1,0
2,62,508,-611,316,-35,-349,-452,505,-374,97,650,-232,531,63,-279,-1,0
2,63,504,-613,314,-27,-351,-454,496,-392,97,650,-232,530,64,-276,-1,0
2,64,505,-620,306,-23,-361,-449,472,-406,97,650,-232,523,64,-278,-1,0
2,65,508,-616,309,-30,-361,-447,472,-401,97,650,-232,519,63,-279,-1,0
2,66,504,-609,314,-33,-351,-451,480,-395,97,654,-232,523,63,-276,-1,0
2,67,503,-614,310,-27,-359,-449,471,-399,97,656,-232,528,63,-276,-1,0
2,68,509,-617,306,-28,-369,-444,468,-397,97,653,-232,525,63,-278,0,0
2,69,506,-611,310,-33,-358,-449,483,-386,97,651,-232,524,63,-277,-1,0
2,70,500,-612,312,-31,-357,-451,481,-384,97,651,-232,523,63,-276,0,0
2,71,505,-615,309,-30,-367,-445,474,-387,97,652,-232,526,63,-277,-1,0
2,72,508,-613,311,-32,-359,-449,486,-380,97,651,-232,532,63,-277,0,0
2,73,506,-613,313,-33,-352,-457,500,-377,97,651,-232,530,63,-276,0,0
2,74,505,-617,314,-32,-357,-452,502,-379,97,651,-232,523,63,-275,0,0
2,75,507,-616,313,-31,-352,-447,494,-383,97,651,-232,523,63,-279,0,0
2,76,514,-615,311,-28,-347,-451,479,-394,97,651,-232,523,63,-281,0,0
2,77,510,-617,310,-31,-355,-454,467,-397,97,651,-232,525,63,-275,0,0
2,78,499,-614,310,-30,-359,-449,474,-385,97,651,-232,531,63,-275,0,0
2,79,500,-610,311,-19,-353,-449,490,-381,97,651,-232,524,62,-280,0,0
2,80,510,-614,311,-20,-353,-449,505,-387,97,651,-232,515,61,-278,0,0
2,81,508,-617,311,-34,-354,-446,513,-389,97,652,-232,523,61,-277,0,-1
2,82,499,-614,311,-34,-351,-447,496,-386,97,651,-232,524,61,-281,0,-1
2,83,499,-614,314,-28,-352,-453,474,-375,97,651,-232,517,61,-279,0,-1
2,84,506,-615,314,-30,-358,-453,482,-364,97,653,-232,524,62,-276,0,-1
2,85,511,-614,308,-33,-357,-446,503,-370,97,654,-232,530,63,-277,0,-1
2,86,510,-615,308,-30,-353,-443,505,-383,97,652,-232,525,63,-281,0,-1
2,87,505,-619,313,-30,-355,-445,500,-381,97,651,-232,519,63,-282,0,0
2,88,501,-617,313,-29,-358,-451,504,-379,97,652,-232,522,63,-276,0,0
2,89,504,-611,312,-29,-356,-452,506,-390,97,651,-232,524,63,-275,0,0
2,90,506,-610,312,-31,-353,-449,503,-408,97,651,-232,519,63,-279,0,0
2,91,501,-612,308,-30,-351,-453,500,-408,97,651,-232,519,63,-276,0,0
2,92,503,-616,306,-29,-355,-452,506,-390,97,651,-232,528,63,-271,0,0
2,93,510,-615,313,-33,-361,-447,500,-391,97,651,-232,525,63,-277,0,0
2,94,508,-611,315,-33,-363,-445,485,-403,97,651,-232,519,63,-278,0,0
2,95,503,-612,311,-30,-357,-445,495,-391,97,651,-232,535,63,-274,0,-1
2,96,501,-612,313,-31,-354,-445,501,-375,97,651,-232,533,63,-278,0,-1
2,97,501,-612,314,-32,-361,-449,478,-382,97,651,-232,522,63,-278,0,-1
2,98,504,-615,308,-28,-365,-452,465,-390,97,651,-232,527,63,-273,0,-1
2,99,506,-617,307,-29,-358,-450,484,-383,97,651,-232,530,63,-275,0,-1
2,100,504,-614,312,-31,-362,-449,500,-385,97,651,-232,531,63,-278,0,-1
2,101,506,-614,313,-28,-369,-450,502,-393,97,651,-232,531,63,-278,0,-1
2,102,508,-617,309,-29,-356,-448,498,-387,97,651,-232,527,63,-278,0,-1
2,103,503,-615,309,-32,-346,-446,496,-369,97,651,-232,527,63,-275,0,-1
2,104,500,-618,312,-24,-355,-449,508,-357,97,651,-232,531,63,-273,0,-1
2,105,505,-622,313,-18,-361,-452,514,-365,97,651,-232,526,63,-276,0,-1
2,106,505,-616,309,-25,-355,-446,505,-383,97,651,-232,524,64,-279,0,-1
2,107,502,-610,309,-33,-353,-444,497,-390,97,651,-232,528,62,-279,0,-1
2,108,506,-614,314,-34,-354,-452,501,-387,97,651,-232,528,59,-279,0,-1
2,109,509,-616,311,-24,-355,-450,499,-393,97,651,-232,526,61,-279,0,-1
2,110,503,-614,308,-19,-353,-445,493,-397,97,651,-232,525,64,-277,0,-1
2,111,498,-615,310,-29,-352,-446,500,-389,97,651,-232,528,62,-277,0,-1
2,112,500,-613,311,-34,-355,-451,492,-400,97,651,-232,528,61,-278,0,-1
2,113,506,-612,309,-29,-354,-451,479,-413,97,651,-232,522,61,-277,0,-1
2,114,509,-611,310,-26,-348,-448,494,-395,97,651,-232,523,62,-280,0,0
2,115,509,-611,313,-24,-352,-449,509,-379,97,651,-232,528,61,-282,0,0
2,116,509,-615,313,-28,-361,-453,502,-379,97,651,-232,527,61,-276,0,0
2,117,505,-615,310,-28,-359,-453,489,-384,97,651,-232,525,61,-275,0,0
2,118,504,-611,311,-22,-355,-447,474,-402,97,651,-232,522,61,-280,0,0
2,119,505,-611,313,-24,-355,-446,468,-408,97,650,-232,526,61,-282,0,0
2,120,503,-612,314,-31,-353,-450,479,-400,97,649,-232,528,61,-282,0,0
2,121,504,-613,312,-29,-352,-452,475,-407,97,649,-232,521,61,-279,0,0
2,122,505,-615,310,-28,-357,-452,469,-404,97,649,-232,524,61,-275,0,0
2,123,505,-614,311,-30,-357,-449,493,-377,97,649,-232,534,61,-276,0,0
2,124,505,-614,312,-31,-351,-442,512,-375,97,650,-232,527,62,-277,0,0
2,125,509,-617,312,-33,-352,-440,501,-391,97,650,-232,520,63,-278,0,0
2,126,510,-614,311,-32,-355,-447,483,-396,97,649,-232,525,63,-278,0,0
2,127,505,-613,314,-29,-353,-453,487,-404,97,651,-232,524,63,-277,0,0
2,128,503,-617,317,-30,-351,-449,502,-404,97,653,-232,526,63,-279,0,0
2,0,505,-616,313,-28,-353,-448,494,-399,97,651,-232,532,63,-279,0,0
2,1,504,-614,310,-25,-355,-452,472,-407,97,649,-232,522,63,-277,0,0
2,2,502,-617,312,-29,-357,-452,468,-413,97,651,-232,514,63,-277,0,0
2,3,502,-618,314,-27,-354,-447,474,-413,97,652,-232,523,63,-277,0,0
2,4,501,-618,312,-22,-352,-450,480,-412,97,651,-232,521,63,-277,0,0
2,5,501,-615,312,-26,-353,-451,494,-414,97,651,-232,515,63,-277,0,0
2,6,502,-611,311,-33,-353,-444,502,-413,97,651,-232,522,63,-276,0,0
2,7,501,-611,309,-31,-356,-446,487,-409,97,651,-232,524,63,-277,0,0
2,8,504,-613,313,-30,-364,-456,476,-398,97,651,-232,519,63,-284,0,0
2,9,508,-614,315,-32,-364,-450,483,-384,97,651,-232,522,63,-282,0,0
2,10,505,-616,315,-31,-354,-440,481,-390,97,651,-232,525,63,-276,0,0
2,11,506,-614,314,-29,-350,-446,466,-407,97,651,-232,524,63,-277,0,0
2,12,504,-610,311,-33,-355,-452,466,-405,97,651,-232,529,63,-278,0,0
2,13,501,-613,309,-30,-355,-450,477,-393,97,651,-232,531,63,-278,0,0
2,14,503,-613,313,-21,-352,-450,477,-399,97,651,-232,522,62,-279,0,0
2,15,505,-612,313,-23,-353,-448,474,-403,97,651,-232,522,60,-277,0,0
2,16,504,-615,308,-33,-353,-446,479,-388,97,651,-232,527,60,-276,0,0
2,17,503,-615,312,-31,-351,-447,488,-378,97,651,-232,525,60,-280,0,0
2,18,502,-613,316,-27,-355,-445,491,-384,97,651,-232,522,60,-283,0,0
2,19,501,-613,314,-32,-358,-445,483,-398,97,651,-232,524,60,-279,-1,0
2,20,504,-613,312,-31,-355,-454,477,-393,97,651,-232,520,60,-274,0,0
2,21,506,-613,311,-28,-354,-457,476,-388,97,651,-232,520,60,-277,0,0
2,22,507,-613,310,-32,-356,-452,469,-407,97,651,-232,525,60,-282,0,0
2,23,505,-613,310,-30,-356,-450,470,-408,97,651,-232,522,60,-277,0,0
2,24,498,-614,312,-28,-359,-450,480,-393,97,651,-232,521,60,-273,0,0
2,25,503,-614,311,-32,-361,-451,476,-401,97,651,-232,525,60,-279,0,0
2,26,507,-614,312,-30,-358,-450,480,-407,97,651,-232,525,60,-280,0,0
2,27,504,-615,309,-24,-356,-445,507,-382,97,651,-232,519,60,-276,0,0
2,28,503,-615,306,-28,-357,-443,504,-376,97,651,-232,516,60,-279,0,0
2,29,505,-618,311,-34,-359,-447,474,-391,97,651,-232,522,63,-282,0,0
2,30,506,-617,309,-37,-360,-446,478,-390,97,651,-232,525,64,-281,0,0
2,31,506,-611,307,-31,-357,-446,510,-382,97,651,-232,522,63,-279,0,0
2,32,506,-613,314,-24,-353,-450,504,-381,97,651,-232,518,63,-281,0,0
2,33,506,-615,312,-25,-355,-452,472,-387,97,651,-232,523,63,-281,0,0
2,34,505,-612,306,-31,-355,-450,464,-407,97,652,-232,526,63,-277,0,0
3,35,505,-610,313,-29,-352,-448,471,-421,97,651,-232,522,63,-274,0,0
3,36,508,-610,316,-27,-353,-450,485,-398,97,651,-232,518,63,-278,0,0
3,37,506,-612,308,-32,-353,-452,503,-372,97,654,-232,517,63,-277,0,0
3,38,498,-613,310,-31,-353,-450,507,-376,97,654,-232,517,63,-277,-1,0
3,39,500,-614,316,-30,-358,-445,497,-390,97,649,-232,521,63,-281,0,0
3,40,505,-617,311,-30,-362,-445,495,-392,97,648,-232,525,63,-281,-1,0
3,41,503,-614,309,-30,-353,-449,501,-383,97,652,-232,523,63,-275,-1,0
3,42,503,-614,311,-34,-350,-447,501,-390,97,651,-232,523,63,-273,-1,0
3,43,507,-617,309,-30,-356,-445,480,-408,97,650,-232,531,63,-275,-1,0
3,44,507,-618,309,-26,-354,-448,462,-418,97,654,-232,527,63,-274,-1,0
3,45,508,-617,308,-31,-352,-454,485,-412,97,657,-232,523,63,-278,-1,0
3,46,507,-620,307,-32,-359,-451,515,-398,97,654,-232,527,63,-278,-1,0
3,47,505,-619,308,-28,-357,-447,506,-387,97,651,-232,527,63,-276,-1,0
3,48,506,-615,311,-34,-352,-452,491,-388,97,651,-232,518,63,-279,-1,0
3,49,506,-616,312,-40,-355,-451,502,-382,97,652,-232,519,63,-280,-1,0
3,50,503,-613,310,-34,-357,-445,504,-372,97,651,-232,526,63,-276,-1,0
3,51,505,-611,312,-31,-353,-450,475,-395,97,651,-232,526,63,-279,-1,0
3,52,506,-615,313,-32,-346,-456,473,-408,97,651,-232,521,63,-282,-1,0
3,53,502,-614,314,-31,-352,-449,495,-384,97,651,-232,517,63,-277,0,0
3,54,500,-612,312,-30,-367,-442,485,-386,97,651,-232,518,63,-277,0,0
3,55,504,-616,310,-32,-363,-448,464,-414,97,651,-232,523,63,-281,0,0
3,56,506,-621,310,-29,-345,-453,476,-417,97,649,-232,518,63,-278,0,0
3,57,505,-619,311,-29,-350,-453,485,-405,97,650,-232,516,63,-276,0,0
3,58,504,-615,313,-35,-367,-449,474,-402,97,653,-232,531,63,-281,0,0
3,59,507,-614,313,-31,-363,-448,488,-394,97,656,-232,537,63,-282,0,0
3,60,507,-614,311,-27,-353,-452,504,-383,97,655,-232,521,63,-277,0,0
3,61,502,-616,313,-32,-358,-451,488,-385,97,652,-232,513,61,-276,0,0
3,62,501,-618,313,-28,-363,-449,472,-390,97,649,-232,521,61,-274,0,0
3,63,506,-619,310,-22,-361,-450,476,-386,97,649,-232,521,61,-274,0,0
3,64,509,-616,311,-26,-358,-449,475,-396,97,650,-232,519,61,-276,0,0
3,65,503,-613,314,-25,-355,-448,467,-417,97,649,-232,521,61,-277,0,0
3,66,501,-617,307,-25,-351,-449,470,-419,97,649,-232,525,62,-277,0,0
3,67,506,-616,306,-32,-351,-447,474,-412,97,650,-232,524,63,-277,0,0
3,68,503,-610,310,-32,-356,-445,474,-419,97,650,-232,518,63,-278,0,-1
3,69,496,-612,308,-28,-355,-446,468,-422,97,650,-232,520,63,-277,0,0
3,70,498,-614,308,-31,-353,-445,478,-404,97,650,-232,527,63,-277,0,0
3,71,503,-611,311,-29,-354,-445,500,-384,97,650,-232,523,63,-277,0,0
3,72,506,-614,310,-26,-353,-447,491,-388,97,650,-232,517,63,-279,0,0
3,73,505,-620,309,-31,-355,-449,473,-401,97,650,-232,515,63,-283,0,0
3,74,502,-620,310,-31,-355,-451,479,-405,97,650,-232,517,63,-281,0,0
3,75,504,-618,310,-28,-353,-449,467,-412,97,650,-232,520,63,-277,-1,0
3,76,507,-616,311,-28,-355,-450,446,-423,97,650,-232,520,63,-278,-1,0
3,77,508,-616,311,-28,-358,-453,463,-421,97,650,-232,521,63,-279,-1,0
3,78,505,-617,310,-27,-358,-450,481,-413,97,649,-232,524,63,-277,-1,0
3,79,500,-618,313,-29,-355,-449,485,-405,97,649,-232,522,63,-275,-1,0
3,80,499,-620,312,-32,-353,-450,501,-397,97,649,-232,522,63,-275,-1,0
3,81,502,-618,310,-32,-357,-451,501,-397,97,650,-232,521,63,-276,-1,0
3,82,508,-615,311,-28,-366,-448,477,-401,97,649,-232,519,63,-274,-1,0
3,83,512,-615,313,-29,-367,-446,483,-408,97,650,-232,521,63,-272,-1,0
3,84,506,-615,310,-34,-356,-449,505,-417,97,654,-232,521,63,-277,-1,0
3,85,500,-612,308,-27,-348,-449,503,-408,97,656,-232,519,63,-282,-1,0
3,86,502,-616,312,-21,-354,-445,499,-387,97,654,-232,524,63,-282,-1,0
3,87,503,-618,311,-28,-360,-449,493,-395,97,649,-232,526,63,-275,-1,0
3,88,500,-614,308,-28,-353,-455,485,-407,97,649,-232,522,63,-276,-1,0
3,89,503,-616,310,-24,-348,-447,489,-403,97,653,-232,523,63,-279,-1,0
3,90,505,-619,312,-31,-354,-443,494,-410,97,652,-232,523,63,-277,-1,0
3,91,506,-615,311,-36,-355,-448,492,-417,97,648,-232,519,63,-280,-1,0
3,92,510,-614,309,-30,-352,-448,493,-391,97,649,-232,520,63,-282,-1,0
3,93,506,-618,307,-29,-356,-449,495,-376,97,651,-232,518,63,-277,-1,0
3,94,503,-617,308,-32,-364,-451,495,-406,97,651,-232,520,63,-277,-1,0
3,95,509,-613,312,-27,-361,-450,498,-411,97,651,-232,526,63,-280,-1,0
3,96,509,-612,312,-21,-356,-449,503,-386,97,651,-232,524,63,-275,-1,0
3,97,504,-615,309,-25,-358,-450,495,-395,97,651,-232,519,63,-274,-1,0
3,98,504,-615,310,-31,-357,-448,480,-417,97,651,-232,523,63,-278,-1,0
3,99,510,-612,312,-36,-354,-444,490,-401,97,651,-232,525,63,-276,-1,0
3,100,509,-615,312,-43,-353,-443,506,-379,97,651,-232,517,63,-276,-1,0
3,101,505,-623,312,-40,-353,-445,507,-380,97,651,-232,522,63,-281,-1,0
3,102,505,-621,313,-29,-353,-451,526,-386,97,651,-232,536,63,-279,0,-1
3,103,503,-613,312,-26,-355,-454,535,-379,97,651,-232,532,63,-273,0,-1
3,104,504,-610,312,-25,-355,-451,510,-363,97,651,-232,521,63,-278,0,-1
3,105,507,-612,312,-26,-357,-444,496,-359,97,651,-232,522,63,-283,0,-1
3,106,503,-613,306,-33,-361,-447,497,-387,97,651,-232,524,63,-279,0,-1
3,107,501,-615,303,-35,-356,-452,494,-408,97,651,-232,522,63,-274,0,-1
3,108,509,-613,311,-26,-355,-449,497,-403,97,651,-232,524,63,-277,0,-1
3,109,510,-614,314,-22,-361,-447,502,-398,97,651,-232,522,63,-279,0,0
3,110,501,-616,310,-26,-360,-450,503,-395,97,651,-232,518,63,-277,0,-1
3,111,501,-609,313,-31,-356,-452,507,-396,97,651,-232,519,63,-275,0,0
3,112,507,-609,313,-30,-353,-453,501,-410,97,651,-232,523,63,-277,0,0
3,113,503,-614,310,-32,-353,-450,497,-404,97,651,-232,523,63,-279,0,0
3,114,500,-610,313,-37,-354,-447,506,-381,97,651,-232,524,63,-277,0,0
3,115,503,-609,314,-34,-355,-449,503,-383,97,651,-232,530,63,-274,0,0
3,116,502,-618,309,-30,-353,-449,496,-399,97,651,-232,528,63,-276,0,0
3,117,501,-621,309,-32,-356,-447,497,-394,97,651,-232,520,63,-279,0,0
3,118,507,-617,315,-31,-357,-450,502,-397,97,651,-232,513,63,-277,0,0
3,119,508,-618,314,-28,-351,-452,498,-416,97,651,-232,527,63,-276,0,0
3,120,504,-617,313,-30,-350,-452,496,-415,97,651,-232,535,63,-279,0,0
3,121,505,-614,312,-30,-359,-451,500,-398,97,651,-232,525,63,-277,0,0
3,122,507,-615,308,-33,-361,-450,503,-403,97,651,-232,531,63,-277,0,0
3,123,509,-612,307,-36,-353,-450,497,-415,97,651,-232,534,63,-282,0,0
3,124,507,-610,311,-31,-353,-449,499,-392,97,651,-232,525,63,-283,0,0
3,125,504,-614,314,-28,-357,-445,522,-367,97,651,-232,529,63,-279,-1,0
3,126,505,-618,311,-31,-357,-445,526,-375,97,651,-232,531,63,-277,0,0
3,127,499,-618,309,-31,-355,-448,509,-391,97,651,-232,512,63,-275,0,0
3,128,493,-615,313,-29,-354,-448,504,-405,97,651,-232,509,63,-275,-1,0
3,0,499,-613,314,-29,-352,-449,498,-415,97,651,-232,525,63,-280,0,0
3,1,507,-614,310,-35,-354,-454,481,-402,97,651,-232,526,63,-279,-1,0
3,2,503,-617,311,-40,-357,-456,498,-379,97,651,-232,523,63,-274,-1,0
3,3,502,-617,313,-35,-359,-451,534,-377,97,651,-232,521,63,-278,-1,0
3,4,506,-614,308,-29,-359,-444,537,-377,97,651,-232,515,63,-282,-1,0
3,5,503,-613,308,-33,-356,-447,525,-369,97,651,-232,516,63,-278,0,0
3,6,504,-614,312,-33,-356,-454,527,-362,97,651,-232,520,63,-275,0,0
3,7,509,-615,310,-29,-357,-455,538,-362,97,651,-232,521,63,-279,0,0
3,8,509,-614,308,-29,-355,-451,531,-371,97,651,-232,514,63,-281,0,0
3,9,504,-615,310,-31,-357,-447,505,-383,97,651,-232,515,63,-274,0,0
3,10,501,-619,310,-32,-359,-449,500,-384,97,651,-232,521,63,-271,0,0
3,11,507,-618,309,-32,-363,-449,510,-379,97,651,-232,523,63,-276,0,0
3,12,506,-616,310,-28,-363,-447,499,-386,97,651,-232,522,63,-279,0,0
3,13,501,-614,309,-29,-355,-445,496,-386,97,651,-232,525,63,-276,0,-1
3,14,503,-614,312,-33,-348,-448,529,-371,97,651,-232,526,63,-278,0,-1
3,15,508,-620,314,-24,-347,-452,544,-359,97,651,-232,520,63,-283,0,-1
3,16,503,-621,313,-19,-351,-449,519,-353,97,651,-232,521,63,-282,0,-1
3,17,498,-613,312,-27,-356,-446,494,-360,97,651,-232,526,63,-279,0,-1
3,18,502,-610,312,-29,-357,-450,499,-368,97,651,-232,522,63,-280,0,0
3,19,507,-616,315,-29,-350,-450,505,-376,97,651,-232,515,63,-280,0,-1
3,20,504,-614,316,-34,-352,-445,505,-374,97,651,-232,520,63,-281,0,-1
3,21,502,-611,312,-34,-365,-451,519,-361,97,651,-232,523,63,-279,0,0
3,22,505,-615,313,-30,-367,-454,526,-362,97,651,-232,518,63,-277,0,0
3,23,505,-613,314,-34,-357,-444,519,-374,97,651,-232,517,63,-278,0,0
3,24,504,-610,313,-35,-351,-443,522,-370,97,651,-232,522,63,-278,0,0
3,25,510,-616,311,-29,-355,-451,519,-370,97,651,-232,523,63,-275,0,0
3,26,508,-619,308,-27,-356,-454,506,-387,97,651,-232,518,63,-275,0,0
3,27,499,-613,310,-31,-353,-451,505,-387,97,651,-232,518,63,-279,0,0
3,28,501,-613,315,-31,-352,-448,507,-381,97,651,-232,523,63,-278,0,0
3,29,505,-616,314,-30,-354,-452,502,-388,97,651,-232,521,63,-275,0,0
3,30,507,-616,313,-27,-356,-452,507,-390,97,651,-232,518,63,-274,0,0
3,31,511,-613,312,-20,-357,-446,502,-392,97,651,-232,518,63,-274,0,0
3,32,506,-615,312,-22,-353,-446,490,-395,97,651,-232,520,63,-274,0,0
3,33,497,-622,314,-31,-356,-453,499,-385,97,651,-232,519,63,-279,0,0
3,34,502,-621,311,-33,-360,-450,510,-379,97,651,-232,518,63,-283,0,0
4,35,511,-614,307,-30,-355,-445,505,-383,97,651,-232,519,63,-278,0,0
4,36,505,-613,311,-25,-349,-448,502,-385,97,651,-232,521,63,-275,0,0
4,37,498,-617,314,-23,-351,-454,506,-384,97,651,-232,520,63,-277,0,0
4,38,502,-615,310,-27,-354,-457,505,-385,97,651,-232,519,63,-275,0,0
4,39,505,-612,308,-33,-353,-454,499,-386,97,651,-232,525,63,-277,0,0
4,40,502,-613,310,-31,-353,-447,498,-385,97,651,-232,525,63,-281,0,0
4,41,502,-612,311,-22,-354,-445,501,-388,97,651,-232,523,63,-280,0,0
4,42,507,-613,310,-20,-353,-451,504,-385,97,651,-232,531,63,-279,0,0
4,43,507,-615,310,-28,-357,-450,507,-378,97,651,-232,529,63,-280,0,0
4,44,501,-615,314,-34,-361,-448,507,-391,97,651,-232,518,63,-280,0,-1
4,45,502,-616,316,-29,-356,-449,507,-413,97,651,-232,518,63,-279,0,0
4,46,507,-615,314,-25,-354,-448,503,-413,97,651,-232,521,63,-278,0,0
4,47,502,-612,312,-24,-356,-450,504,-399,97,651,-232,520,63,-276,0,0
4,48,498,-615,311,-29,-357,-452,516,-388,97,651,-232,520,63,-279,0,0
4,49,505,-619,310,-39,-355,-446,501,-391,97,651,-232,519,63,-281,0,0
4,50,506,-614,312,-33,-353,-443,477,-401,97,651,-232,518,63,-274,0,0
4,51,500,-615,314,-23,-354,-453,491,-395,97,651,-232,522,63,-271,0,0
4,52,504,-620,312,-23,-355,-453,506,-385,97,651,-232,523,63,-276,0,0
4,53,506,-615,310,-30,-361,-446,495,-386,97,651,-232,518,63,-279,0,0
4,54,502,-614,312,-32,-361,-448,496,-393,97,651,-232,520,62,-280,0,0
4,55,506,-618,312,-30,-352,-454,500,-410,97,651,-232,525,60,-280,0,0
4,56,507,-612,310,-32,-351,-452,497,-421,97,651,-232,525,60,-278,0,0
4,57,502,-610,310,-31,-361,-449,516,-397,97,651,-232,522,60,-278,0,0
4,58,505,-616,313,-29,-358,-445,529,-373,97,651,-232,518,60,-276,-1,0
4,59,506,-615,313,-31,-350,-446,515,-380,97,651,-232,517,60,-275,0,0
4,60,498,-615,309,-33,-355,-453,504,-395,97,651,-232,518,60,-278,0,0
4,61,498,-614,309,-28,-354,-451,505,-401,97,651,-232,523,60,-279,0,0
4,62,503,-610,313,-24,-352,-445,510,-391,97,651,-232,524,60,-277,0,0
4,63,503,-613,314,-27,-362,-448,505,-392,97,651,-232,519,60,-276,0,0
4,64,506,-617,311,-32,-358,-452,496,-413,97,651,-232,516,60,-280,0,0
4,65,509,-616,308,-32,-350,-446,502,-414,97,651,-232,518,60,-281,0,0
4,66,505,-620,310,-28,-358,-448,501,-413,97,651,-232,523,60,-274,0,0
4,67,502,-621,315,-28,-360,-454,489,-421,97,651,-232,522,60,-274,0,0
4,68,504,-614,317,-32,-350,-447,517,-400,97,651,-232,515,61,-279,0,0
4,69,506,-614,312,-33,-355,-442,536,-380,97,651,-232,510,60,-277,0,0
4,70,506,-616,309,-33,-360,-445,516,-382,97,651,-232,517,60,-272,0,0
4,71,503,-611,314,-28,-355,-444,521,-369,97,651,-232,527,62,-277,0,0
4,72,500,-612,315,-21,-355,-447,515,-373,97,651,-232,523,63,-283,0,0
4,73,503,-617,309,-26,-358,-453,477,-405,97,651,-232,519,62,-276,0,0
4,74,504,-615,308,-33,-359,-447,483,-400,97,651,-232,522,62,-273,0,0
4,75,505,-614,312,-29,-365,-444,511,-381,97,651,-232,526,63,-279,0,0
4,76,507,-617,315,-28,-361,-449,501,-399,97,651,-232,524,63,-279,0,0
4,77,503,-615,312,-32,-355,-450,500,-408,97,651,-232,517,63,-274,0,0
4,78,502,-614,307,-28,-362,-451,513,-393,97,651,-232,514,63,-278,0,0
4,79,504,-614,307,-28,-360,-458,502,-389,97,651,-232,523,63,-283,0,0
4,80,504,-615,313,-33,-352,-452,502,-389,97,651,-232,526,63,-276,0,0
4,81,502,-614,315,-32,-354,-442,521,-379,97,651,-232,519,63,-277,0,0
4,82,503,-609,313,-29,-357,-445,519,-383,97,651,-232,520,63,-281,0,0
4,83,504,-608,315,-29,-355,-450,506,-394,97,651,-232,524,63,-278,0,0
4,84,505,-616,313,-30,-350,-448,503,-397,97,651,-232,522,63,-277,0,0
4,85,501,-619,309,-33,-353,-448,503,-403,97,651,-232,519,63,-282,0,0
4,86,497,-612,311,-29,-364,-452,501,-404,97,651,-232,518,63,-281,-1,0
4,87,504,-611,313,-24,-363,-451,504,-393,97,652,-232,520,63,-274,0,0
4,88,511,-616,310,-27,-348,-450,509,-389,97,651,-232,527,63,-276,-1,0
4,89,507,-616,311,-26,-351,-448,505,-397,97,651,-232,526,63,-280,-1,0
4,90,501,-616,312,-23,-362,-445,502,-393,97,651,-232,520,63,-279,-1,0
4,91,506,-613,307,-30,-358,-449,506,-375,97,651,-232,522,63,-280,-1,0
4,92,507,-611,308,-30,-356,-450,510,-366,97,651,-232,524,63,-281,-1,0
4,93,498,-614,314,-26,-357,-448,507,-376,97,651,-232,520,63,-281,-1,0
4,94,500,-616,314,-26,-351,-444,503,-389,97,651,-232,519,63,-281,-1,0
4,95,504,-615,310,-31,-349,-447,502,-389,97,652,-232,525,63,-279,-1,0
4,96,501,-614,307,-31,-354,-451,501,-393,97,652,-232,526,63,-277,0,0
4,97,500,-619,308,-25,-355,-449,509,-410,97,651,-232,522,63,-277,-1,0
4,98,500,-619,313,-23,-355,-446,507,-416,97,651,-232,527,63,-277,0,0
4,99,501,-612,312,-28,-357,-448,502,-408,97,651,-232,531,63,-279,0,0
4,100,505,-611,308,-33,-357,-451,524,-392,97,651,-232,523,63,-285,0,0
4,101,505,-617,313,-31,-356,-450,532,-383,97,651,-232,520,63,-280,0,0
4,102,499,-615,316,-27,-354,-448,503,-389,97,651,-232,527,63,-272,0,0
4,103,505,-614,311,-24,-354,-445,494,-389,97,651,-232,524,63,-276,0,0
4,104,508,-614,314,-28,-356,-447,513,-377,97,651,-232,514,63,-278,0,0
4,105,501,-614,317,-32,-357,-449,509,-378,97,651,-232,522,63,-275,0,0
4,106,504,-614,313,-30,-355,-448,494,-400,97,652,-232,535,63,-276,0,0
4,107,510,-613,309,-27,-354,-454,500,-405,97,651,-232,529,63,-276,0,0
4,108,506,-611,308,-26,-356,-455,504,-400,97,651,-232,518,63,-275,0,0
4,109,502,-612,309,-27,-354,-444,503,-405,97,653,-232,521,63,-278,0,0
4,110,505,-615,311,-26,-350,-446,519,-397,97,655,-232,526,63,-280,0,0
4,111,503,-615,310,-24,-354,-459,538,-380,97,653,-232,523,63,-278,0,0
4,112,503,-615,309,-23,-355,-455,535,-380,97,651,-232,522,63,-276,0,0
4,113,503,-615,315,-22,-356,-444,532,-380,97,652,-232,523,63,-279,-1,0
4,114,503,-613,318,-24,-361,-448,533,-368,97,651,-232,521,63,-281,-1,0
4,115,510,-612,311,-33,-362,-453,515,-381,97,652,-232,521,63,-277,-1,0
4,116,512,-611,310,-36,-362,-452,495,-400,97,655,-232,524,63,-273,-1,0
4,117,503,-614,314,-33,-364,-452,505,-391,97,654,-232,525,63,-280,-1,0
4,118,503,-619,312,-34,-357,-452,508,-389,97,653,-232,520,63,-283,-1,0
4,119,509,-619,310,-32,-349,-450,498,-399,97,654,-232,520,63,-276,-1,0
4,120,505,-612,312,-27,-354,-451,513,-386,97,651,-232,522,63,-273,-1,0
4,121,500,-610,312,-23,-355,-451,530,-379,97,649,-232,520,63,-279,-1,0
4,122,502,-614,312,-28,-354,-449,509,-401,97,651,-232,520,63,-281,0,0
4,123,503,-615,314,-32,-359,-451,498,-400,97,652,-232,522,63,-279,-1,0
4,124,506,-613,314,-26,-357,-454,520,-377,97,651,-232,522,63,-277,-1,0
4,125,509,-613,312,-27,-349,-453,518,-382,97,651,-232,521,63,-274,-1,0
4,126,503,-613,312,-33,-350,-447,501,-397,97,651,-232,521,63,-276,0,0
4,127,496,-614,314,-32,-361,-446,489,-404,97,651,-232,521,63,-280,-1,0
4,128,502,-614,312,-32,-361,-450,474,-406,97,651,-232,520,63,-279,0,0
4,0,506,-616,308,-32,-352,-453,484,-396,97,651,-232,518,63,-278,-1,0
4,1,502,-613,311,-30,-355,-455,508,-386,97,652,-232,517,63,-281,0,0
4,2,500,-609,316,-29,-359,-453,509,-382,97,651,-232,516,63,-281,0,0
4,3,505,-609,316,-31,-355,-447,505,-381,97,650,-232,517,63,-278,0,0
4,4,511,-614,314,-31,-354,-448,512,-385,97,653,-232,518,63,-282,0,0
4,5,512,-616,311,-30,-355,-452,506,-381,97,655,-232,519,63,-283,0,0
4,6,507,-612,310,-29,-354,-450,504,-363,97,651,-232,521,65,-278,0,0
4,7,503,-609,313,-30,-358,-450,510,-364,97,648,-232,522,60,-278,0,0
4,8,507,-610,313,-30,-357,-454,510,-380,97,651,-232,521,56,-278,0,0
4,9,505,-614,309,-27,-349,-450,511,-380,97,652,-232,523,61,-277,0,0
4,10,500,-616,308,-30,-352,-447,499,-388,97,651,-232,524,64,-280,0,0
4,11,506,-612,311,-34,-359,-453,488,-408,97,651,-232,520,61,-280,0,0
4,12,507,-612,312,-31,-358,-455,487,-419,97,651,-232,517,61,-278,0,0
4,13,507,-613,313,-28,-361,-445,485,-429,97,651,-232,521,62,-279,0,0
4,14,509,-617,310,-33,-366,-444,491,-431,97,651,-232,518,59,-279,0,0
4,15,503,-619,306,-36,-360,-450,505,-417,97,651,-232,516,58,-277,0,0
4,16,498,-615,312,-30,-352,-451,507,-407,97,651,-232,522,59,-277,0,0
4,17,505,-610,316,-28,-355,-451,495,-409,97,651,-232,522,59,-278,0,0
4,18,506,-611,308,-33,-355,-453,478,-422,97,651,-232,514,58,-280,0,0
4,19,505,-614,306,-28,-354,-449,465,-431,97,651,-232,519,60,-281,0,0
4,20,508,-613,313,-23,-363,-448,490,-417,97,651,-232,525,64,-278,-1,0
4,21,501,-613,314,-30,-363,-449,509,-403,97,651,-232,517,62,-277,0,0
4,22,497,-614,309,-33,-356,-449,489,-416,97,651,-232,517,58,-279,-1,0
4,23,506,-615,309,-29,-356,-451,486,-433,97,651,-232,524,59,-279,0,0
4,24,508,-617,312,-29,-356,-452,496,-439,97,651,-232,517,62,-281,0,0
4,25,504,-618,313,-28,-355,-450,491,-429,97,651,-232,511,61,-281,0,0
4,26,506,-617,310,-28,-361,-447,488,-407,97,651,-232,516,60,-278,0,0
4,27,504,-616,307,-32,-365,-447,490,-390,97,651,-232,519,60,-274,0,0
4,28,502,-615,311,-31,-358,-453,489,-384,97,651,-232,519,60,-276,0,0
4,29,505,-614,313,-28,-356,-455,497,-395,97,652,-232,521,62,-283,0,0
4,30,505,-612,312,-33,-361,-452,498,-412,97,651,-232,521,63,-284,0,0
4,31,499,-612,314,-34,-358,-449,486,-404,97,651,-232,520,62,-278,0,0
4,32,498,-615,315,-27,-349,-450,484,-397,97,654,-232,522,62,-277,0,0
4,33,504,-616,312,-29,-354,-455,475,-411,97,655,-232,521,63,-279,0,0
4,34,504,-613,311,-29,-369,-455,470,-418,97,650,-232,515,63,-278,0,0
5,35,501,-611,314,-21,-363,-449,484,-418,97,648,-232,518,63,-277,0,0
5,36,502,-613,313,-23,-348,-455,491,-427,97,651,-232,524,63,-278,0,0
5,37,503,-617,311,-32,-354,-458,497,-411,97,652,-232,521,63,-276,0,-1
5,38,500,-617,312,-30,-363,-451,506,-383,97,650,-232,513,63,-276,0,0
5,39,502,-615,311,-30,-358,-449,494,-395,97,652,-232,514,63,-278,0,0
5,40,504,-616,307,-35,-355,-454,478,-416,97,654,-232,519,63,-279,0,0
5,41,504,-615,306,-32,-355,-451,477,-417,97,651,-232,519,63,-277,0,0
5,42,506,-611,310,-31,-352,-451,470,-423,97,649,-232,516,63,-276,0,0
5,43,505,-612,314,-35,-353,-453,465,-424,97,651,-232,516,63,-280,-1,0
5,44,501,-614,313,-33,-356,-447,471,-413,97,652,-232,520,63,-280,0,0
5,45,502,-614,312,-29,-353,-448,479,-409,97,651,-232,516,63,-277,0,0
5,46,508,-614,310,-32,-349,-453,499,-415,97,651,-232,517,63,-278,0,0
5,47,507,-614,307,-29,-355,-450,506,-410,97,651,-232,523,63,-279,-1,0
5,48,503,-614,310,-22,-360,-449,482,-398,97,651,-232,520,63,-276,-1,0
5,49,504,-616,311,-28,-358,-452,463,-400,97,651,-232,515,63,-276,-1,0
5,50,506,-617,309,-33,-353,-452,484,-410,97,651,-232,515,63,-273,-1,0
5,51,506,-618,308,-29,-352,-452,500,-409,97,651,-232,516,63,-272,-1,0
5,52,504,-617,311,-30,-356,-452,481,-395,97,651,-232,518,63,-277,-1,0
5,53,504,-611,308,-36,-360,-449,466,-388,97,651,-232,521,63,-278,-1,0
5,54,507,-612,307,-32,-356,-450,474,-396,97,651,-232,518,63,-276,0,0
5,55,506,-615,311,-26,-353,-451,477,-410,97,651,-232,516,63,-277,-1,0
5,56,502,-613,310,-31,-359,-451,478,-419,97,651,-232,518,63,-279,0,0
5,57,505,-612,310,-30,-363,-451,501,-411,97,651,-232,519,63,-278,-1,0
5,58,508,-614,310,-24,-353,-451,502,-403,97,651,-232,518,63,-276,0,0
5,59,503,-615,313,-26,-349,-451,481,-405,97,651,-232,520,63,-276,0,0
5,60,504,-614,315,-26,-358,-452,472,-411,97,651,-232,522,63,-279,0,0
5,61,507,-613,314,-24,-362,-450,460,-420,97,651,-232,521,63,-276,0,0
5,62,506,-613,311,-30,-355,-452,458,-419,97,651,-232,519,63,-275,0,0
5,63,506,-614,309,-35,-353,-455,473,-409,97,651,-232,521,63,-281,0,0
5,64,501,-615,314,-34,-358,-447,479,-405,97,651,-232,525,63,-282,0,0
5,65,498,-612,313,-28,-355,-443,468,-414,97,651,-232,524,63,-276,0,0
5,66,503,-610,307,-22,-350,-455,477,-411,97,651,-232,519,63,-277,-1,0
5,67,509,-614,308,-25,-351,-457,489,-404,97,651,-232,517,63,-279,0,0
5,68,507,-616,313,-35,-354,-451,479,-415,97,651,-232,519,63,-277,-1,0
5,69,506,-612,315,-32,-357,-453,486,-410,97,651,-232,519,63,-277,-1,0
5,70,506,-612,311,-28,-356,-454,499,-392,97,651,-232,520,63,-276,0,0
5,71,502,-616,309,-32,-352,-449,490,-394,97,651,-232,522,63,-276,0,0
5,72,499,-612,311,-30,-350,-449,477,-406,97,651,-232,523,63,-279,0,0
5,73,504,-611,312,-27,-353,-452,476,-409,97,651,-232,524,63,-275,0,0
5,74,510,-616,310,-27,-354,-448,471,-416,97,651,-232,524,63,-275,0,0
5,75,507,-613,312,-30,-351,-444,463,-422,97,651,-232,524,63,-281,-1,0
5,76,502,-610,312,-30,-352,-445,476,-414,97,651,-232,521,62,-280,0,0
5,77,504,-615,309,-30,-353,-447,499,-409,97,651,-232,519,60,-275,-1,0
5,78,507,-619,311,-30,-346,-450,505,-409,97,651,-232,519,60,-276,0,0
5,79,504,-615,312,-37,-353,-451,481,-414,97,651,-232,517,60,-278,-1,0
5,80,498,-611,310,-34,-364,-455,464,-405,97,651,-232,518,61,-277,0,0
5,81,501,-612,311,-20,-362,-452,476,-375,97,651,-232,522,64,-277,-1,0
5,82,510,-613,314,-24,-362,-447,482,-377,97,651,-232,520,63,-276,-1,0
5,83,512,-614,312,-32,-363,-446,471,-411,97,651,-232,515,58,-279,0,0
5,84,501,-615,312,-25,-353,-447,474,-415,97,651,-232,525,59,-283,0,0
5,85,500,-615,311,-24,-348,-450,482,-404,97,651,-232,534,62,-279,0,-1
5,86,506,-616,309,-32,-354,-453,473,-415,97,651,-232,523,63,-274,0,-1
5,87,503,-616,311,-29,-354,-451,478,-420,97,651,-232,517,62,-277,0,-1
5,88,501,-614,316,-24,-351,-448,506,-409,97,651,-232,523,63,-279,0,0
5,89,502,-615,315,-32,-351,-454,507,-414,97,651,-232,521,63,-279,0,0
5,90,500,-613,314,-33,-352,-453,495,-414,97,651,-232,514,63,-276,-1,0
5,91,500,-614,315,-25,-357,-445,505,-391,96,651,-232,517,63,-273,0,0
5,92,506,-616,311,-26,-358,-447,500,-381,100,651,-232,518,63,-278,0,0
5,93,507,-612,310,-28,-355,-455,472,-395,97,651,-232,518,63,-282,-1,0
5,94,505,-609,312,-23,-357,-452,465,-399,93,651,-232,524,63,-278,0,0
5,95,509,-614,306,-26,-359,-448,475,-396,111,651,-232,521,63,-274,-1,0
5,96,507,-616,305,-31,-353,-450,487,-404,120,651,-232,517,63,-278,0,0
5,97,502,-612,313,-31,-352,-450,496,-413,100,651,-232,520,63,-275,-1,0
5,98,501,-612,315,-28,-357,-447,502,-405,90,651,-232,525,63,-272,0,0
5,99,503,-615,312,-27,-356,-449,505,-403,102,651,-232,520,63,-278,-1,0
5,100,505,-616,315,-27,-355,-449,509,-404,102,651,-232,514,63,-279,0,0
5,101,506,-612,314,-31,-362,-451,509,-385,97,651,-232,521,63,-274,0,0
5,102,500,-609,308,-32,-362,-453,500,-374,100,651,-232,526,63,-277,0,0
5,103,497,-612,309,-29,-351,-448,490,-389,100,651,-232,521,63,-280,0,0
5,104,503,-615,310,-32,-348,-446,484,-398,99,651,-232,515,62,-276,0,0
5,105,503,-612,311,-33,-352,-452,476,-406,99,651,-232,520,61,-276,0,0
5,106,498,-613,313,-29,-352,-453,470,-414,98,651,-232,520,61,-277,0,0
5,107,504,-618,308,-26,-358,-449,468,-420,99,651,-232,515,61,-278,0,0
5,108,508,-616,306,-29,-368,-450,468,-435,98,651,-232,517,61,-279,0,0
5,109,503,-612,313,-34,-364,-452,481,-444,99,651,-232,519,60,-279,0,0
5,110,503,-615,316,-30,-352,-450,502,-425,99,651,-232,513,60,-277,0,0
5,111,507,-617,311,-25,-351,-451,509,-395,99,651,-232,512,62,-276,0,0
5,112,505,-612,309,-33,-355,-453,502,-385,99,652,-232,518,63,-279,0,0
5,113,502,-611,310,-34,-354,-449,493,-389,99,651,-232,521,62,-280,0,0
5,114,503,-614,312,-20,-355,-443,485,-390,99,651,-232,520,62,-282,0,0
5,115,506,-615,312,-16,-353,-448,478,-390,99,653,-232,520,64,-279,0,0
5,116,502,-614,310,-31,-354,-450,484,-393,99,655,-232,521,63,-275,0,0
5,117,503,-613,309,-34,-362,-444,496,-398,99,652,-232,523,63,-276,0,0
5,118,509,-612,311,-27,-361,-449,500,-405,99,650,-232,520,63,-276,0,0
5,119,507,-614,311,-30,-354,-457,494,-408,99,655,-232,517,63,-274,0,0
5,120,500,-614,313,-34,-359,-453,499,-391,99,648,-232,522,61,-276,0,0
5,121,507,-613,313,-30,-368,-449,513,-373,99,634,-232,524,60,-279,0,-1
5,122,509,-617,311,-31,-363,-452,497,-383,99,632,-232,518,60,-277,0,-1
5,123,500,-618,311,-31,-358,-452,477,-388,99,636,-232,519,61,-278,0,0
5,124,500,-612,314,-25,-361,-451,490,-371,99,631,-232,522,63,-282,0,0
5,125,503,-614,314,-21,-360,-452,510,-357,99,628,-232,518,63,-279,-1,0
5,126,499,-617,310,-29,-354,-450,503,-368,99,631,-232,517,64,-277,0,0
5,127,500,-613,311,-33,-352,-449,495,-386,99,630,-232,523,64,-280,-1,0
5,128,506,-611,315,-30,-353,-452,507,-394,99,628,-232,521,61,-280,0,0
5,0,505,-617,314,-31,-352,-453,499,-407,99,631,-232,516,61,-279,-1,0
5,1,504,-621,307,-32,-352,-452,473,-421,99,630,-232,519,64,-278,0,0
5,2,507,-612,305,-29,-354,-452,467,-413,99,627,-232,521,62,-279,0,0
5,3,504,-610,310,-29,-353,-454,489,-395,99,639,-232,517,60,-278,0,0
5,4,505,-614,311,-34,-352,-449,508,-379,99,656,-232,520,61,-279,0,0
5,5,507,-614,310,-27,-356,-446,496,-367,99,655,-232,524,61,-277,0,0
5,6,503,-615,313,-21,-360,-451,465,-382,99,648,-232,519,61,-274,0,0
5,7,500,-616,313,-26,-358,-453,455,-414,99,650,-232,513,61,-277,0,0
5,8,502,-611,306,-28,-353,-451,472,-421,99,652,-232,511,61,-278,0,0
5,9,503,-609,308,-26,-352,-450,483,-408,99,650,-232,515,61,-275,0,0
5,10,504,-615,315,-29,-356,-451,472,-416,99,651,-231,522,61,-279,0,0
5,11,505,-619,312,-34,-356,-452,465,-423,99,651,-229,522,61,-282,0,0
5,12,504,-615,304,-31,-354,-452,485,-395,99,651,-228,518,61,-275,0,0
5,13,511,-612,309,-25,-356,-451,513,-362,99,651,-229,519,61,-274,0,0
5,14,511,-615,318,-24,-361,-449,513,-366,99,651,-229,528,61,-279,0,0
5,15,500,-614,316,-28,-357,-449,494,-384,99,651,-229,528,61,-276,0,0
5,16,498,-609,311,-33,-354,-450,497,-376,99,651,-230,520,61,-277,-1,0
5,17,506,-613,316,-30,-357,-451,504,-366,99,651,-232,516,61,-277,-1,0
5,18,506,-615,316,-24,-351,-453,492,-377,99,651,-233,521,62,-274,-1,0
5,19,503,-613,311,-24,-351,-453,476,-397,99,651,-232,527,63,-277,-1,0
5,20,506,-614,310,-30,-362,-448,474,-402,99,651,-231,523,62,-282,-1,0
5,21,507,-614,310,-33,-361,-447,476,-399,99,651,-230,514,62,-281,-1,0
5,22,505,-613,311,-30,-354,-451,477,-396,99,651,-230,516,63,-280,-1,0
5,23,506,-613,314,-30,-358,-450,486,-388,99,651,-230,523,63,-280,-1,0
5,24,506,-613,313,-31,-366,-452,484,-386,99,651,-230,521,63,-279,0,0
5,25,505,-616,310,-29,-363,-455,480,-386,99,651,-230,520,63,-277,0,0
5,26,508,-619,310,-30,-357,-447,497,-374,99,651,-230,526,63,-275,0,0
5,27,505,-615,312,-32,-352,-445,507,-374,99,651,-230,521,63,-276,0,0
5,28,504,-614,313,-27,-350,-455,484,-394,99,651,-230,517,63,-281,0,0
5,29,509,-619,311,-26,-359,-456,465,-396,99,651,-230,519,63,-280,0,0
5,30,505,-614,308,-28,-364,-452,474,-387,99,651,-230,518,63,-278,0,0
5,31,501,-608,313,-25,-359,-455,475,-401,99,651,-230,517,63,-281,0,0
5,32,504,-614,319,-28,-349,-451,471,-406,99,651,-230,521,63,-281,0,0
5,33,502,-618,315,-31,-349,-443,477,-382,99,651,-230,523,63,-274,0,0
5,34,498,-614,313,-23,-354,-445,478,-386,99,651,-230,525,63,-272,0,0
6,35,506,-613,313,-22,-352,-451,469,-409,99,651,-230,528,63,-279,0,0
6,36,509,-612,310,-29,-353,-449,472,-392,99,651,-230,523,63,-281,0,0
6,37,502,-609,307,-32,-363,-446,480,-369,99,651,-230,518,62,-280,0,0
6,38,503,-612,308,-29,-367,-447,478,-370,99,651,-230,520,60,-282,0,0
6,39,504,-614,312,-24,-358,-452,476,-370,99,651,-230,517,60,-279,0,0
6,40,499,-612,314,-23,-351,-456,476,-370,99,651,-230,518,60,-275,0,0
6,41,498,-612,312,-28,-353,-452,479,-374,99,653,-230,525,60,-277,0,0
6,42,507,-613,310,-28,-363,-448,488,-368,99,656,-230,524,60,-280,0,0
6,43,510,-613,312,-29,-368,-449,485,-373,99,656,-230,517,60,-281,0,0
6,44,505,-613,315,-34,-357,-450,470,-391,99,653,-230,522,60,-281,-1,0
6,45,506,-611,312,-30,-349,-449,471,-389,99,650,-230,523,60,-278,0,0
6,46,509,-615,310,-29,-356,-452,477,-383,99,649,-230,515,61,-278,0,0
6,47,505,-621,311,-33,-364,-455,465,-386,99,650,-230,516,64,-283,0,0
6,48,500,-615,314,-29,-362,-447,449,-391,99,649,-230,523,64,-281,-1,0
6,49,505,-611,309,-28,-358,-447,452,-393,99,649,-230,524,63,-277,0,0
6,50,505,-615,302,-34,-354,-457,468,-387,99,649,-230,517,63,-278,0,0
6,51,500,-614,308,-34,-353,-459,474,-383,99,650,-230,519,63,-280,0,0
6,52,502,-614,313,-28,-361,-453,473,-384,99,650,-230,523,63,-280,0,-1
6,53,504,-618,306,-27,-364,-451,481,-381,99,650,-230,520,63,-279,0,0
6,54,502,-618,305,-34,-357,-454,483,-384,99,650,-230,518,63,-278,0,-1
6,55,506,-617,312,-33,-355,-452,475,-405,99,650,-230,520,63,-277,0,0
6,56,507,-615,311,-29,-361,-448,480,-408,99,650,-230,517,63,-274,0,0
6,57,503,-613,307,-31,-357,-452,484,-388,99,650,-230,512,63,-273,0,0
6,58,505,-613,311,-34,-350,-456,473,-383,99,650,-230,514,63,-277,0,0
6,59,508,-615,312,-28,-353,-454,468,-379,99,650,-230,517,63,-278,-1,0
6,60,502,-615,307,-24,-362,-451,474,-363,99,650,-230,521,63,-275,0,0
6,61,503,-615,309,-30,-358,-454,476,-369,99,649,-230,520,63,-276,0,0
6,62,508,-613,314,-33,-351,-455,472,-389,99,649,-230,517,63,-279,-1,0
6,63,504,-612,312,-29,-360,-448,474,-380,99,649,-230,520,63,-281,0,0
6,64,499,-611,310,-27,-367,-448,484,-368,99,650,-230,524,63,-279,0,0
6,65,501,-608,311,-30,-355,-452,501,-362,99,649,-230,521,63,-277,0,0
6,66,505,-611,308,-32,-349,-446,507,-356,99,650,-230,520,63,-279,0,0
6,67,506,-615,307,-32,-356,-443,491,-369,99,654,-230,521,63,-280,0,0
6,68,506,-614,314,-33,-355,-453,477,-389,99,654,-230,519,63,-276,0,0
6,69,504,-615,314,-25,-353,-455,478,-394,99,651,-230,519,63,-276,0,0
6,70,502,-615,309,-20,-355,-453,477,-397,99,650,-230,520,63,-279,0,0
6,71,508,-613,310,-26,-357,-454,471,-400,99,649,-230,520,63,-279,0,0
6,72,515,-614,311,-24,-361,-449,470,-387,99,650,-230,517,63,-278,0,0
6,73,511,-615,310,-24,-359,-447,473,-374,99,651,-230,517,63,-279,0,0
6,74,506,-615,311,-26,-352,-455,472,-388,99,651,-230,516,63,-278,0,0
6,75,502,-613,311,-22,-355,-454,468,-400,99,651,-230,514,63,-279,0,0
6,76,500,-614,312,-21,-362,-448,474,-387,99,651,-230,517,63,-281,0,0
6,77,504,-616,312,-26,-356,-451,490,-372,99,651,-230,520,63,-278,0,0
6,78,502,-614,307,-28,-357,-454,491,-379,99,651,-230,520,63,-275,0,0
6,79,497,-611,306,-26,-368,-450,470,-386,99,651,-230,520,62,-277,0,0
6,80,501,-616,310,-33,-362,-449,467,-391,99,651,-230,520,61,-281,0,0
6,81,509,-618,311,-33,-353,-451,472,-403,99,651,-230,518,61,-282,0,0
6,82,506,-611,309,-26,-356,-452,460,-412,99,651,-230,517,61,-279,-1,0
6,83,501,-611,312,-23,-355,-453,461,-410,99,651,-230,518,61,-278,0,0
6,84,506,-613,314,-29,-350,-456,466,-409,99,651,-230,517,61,-281,0,0
6,85,509,-613,309,-36,-351,-456,446,-417,99,651,-230,517,58,-280,0,0
6,86,505,-615,308,-30,-349,-449,446,-418,99,651,-230,518,58,-275,0,0
6,87,501,-616,311,-25,-353,-450,477,-403,99,651,-230,518,61,-276,0,-1
6,88,503,-613,310,-26,-361,-458,484,-396,99,651,-230,521,62,-277,0,-1
6,89,505,-612,308,-28,-357,-455,468,-397,99,651,-230,522,61,-274,0,-1
6,90,505,-616,311,-29,-351,-449,470,-388,99,651,-230,519,61,-274,0,-1
6,91,505,-617,314,-32,-354,-452,476,-380,99,651,-230,518,61,-275,0,-1
6,92,502,-615,312,-36,-354,-455,474,-382,99,651,-230,521,61,-274,0,0
6,93,502,-615,312,-34,-355,-452,466,-386,99,651,-230,522,61,-276,0,-1
6,94,505,-615,313,-30,-362,-449,463,-401,99,651,-230,518,61,-277,0,0
6,95,508,-613,312,-31,-359,-450,469,-415,99,652,-230,516,62,-280,0,0
6,96,504,-615,309,-32,-351,-452,467,-399,99,651,-230,518,63,-280,0,0
6,97,497,-616,307,-30,-351,-453,466,-378,99,650,-230,517,62,-277,0,0
6,98,500,-613,310,-30,-355,-453,478,-388,99,649,-230,512,63,-275,0,0
6,99,505,-614,309,-32,-360,-451,473,-408,99,649,-230,516,63,-277,0,0
6,100,503,-614,310,-34,-359,-449,453,-414,99,649,-230,518,63,-279,0,0
6,101,501,-606,316,-34,-354,-452,461,-407,99,650,-230,518,63,-277,0,0
6,102,506,-612,316,-33,-356,-455,472,-401,99,653,-230,519,63,-281,0,0
6,103,504,-622,313,-30,-359,-452,451,-408,99,654,-230,516,63,-284,0,0
6,104,500,-615,313,-29,-352,-451,434,-412,99,653,-230,515,63,-280,0,0
6,105,504,-614,314,-31,-351,-454,451,-398,99,653,-230,520,63,-279,0,0
6,106,500,-623,313,-33,-358,-454,464,-396,99,654,-230,521,63,-278,0,0
6,107,495,-617,313,-28,-357,-451,458,-410,99,653,-230,518,63,-275,0,0
6,108,500,-608,312,-30,-354,-450,458,-400,99,653,-230,518,63,-277,0,0
6,109,500,-612,314,-39,-352,-453,478,-377,99,653,-230,520,62,-280,0,0
6,110,498,-614,315,-32,-351,-454,493,-377,99,653,-230,516,63,-280,0,0
6,111,503,-614,309,-23,-354,-451,482,-383,99,653,-230,516,62,-283,0,0
6,112,502,-616,307,-30,-360,-448,471,-380,99,653,-230,518,61,-283,0,0
6,113,498,-615,311,-32,-359,-451,468,-391,99,653,-230,516,61,-273,0,0
6,114,502,-614,313,-31,-354,-453,467,-395,99,653,-230,521,61,-270,-1,0
6,115,504,-615,312,-29,-355,-453,467,-376,99,653,-230,521,62,-277,0,0
6,116,502,-615,308,-25,-361,-458,469,-371,99,653,-230,515,64,-279,0,0
6,117,504,-614,311,-25,-362,-456,467,-383,99,653,-230,513,64,-273,0,0
6,118,502,-615,314,-25,-358,-445,465,-397,99,653,-230,523,63,-275,0,0
6,119,502,-617,313,-24,-353,-445,471,-409,99,653,-230,528,63,-280,0,0
6,120,507,-615,311,-24,-354,-457,474,-404,99,654,-230,521,63,-282,0,0
6,121,501,-611,314,-25,-357,-457,477,-387,99,653,-231,515,63,-281,0,0
6,122,496,-613,314,-27,-354,-452,473,-381,99,653,-230,518,63,-280,0,0
6,123,501,-617,310,-25,-354,-453,471,-386,99,655,-230,523,63,-282,0,0
6,124,503,-616,310,-20,-356,-457,470,-404,99,654,-231,521,63,-282,0,0
6,125,498,-612,310,-22,-355,-459,459,-415,99,649,-229,518,63,-276,0,0
6,126,503,-613,312,-28,-355,-456,458,-390,99,649,-227,517,63,-276,0,0
6,127,511,-616,313,-27,-356,-453,458,-386,99,652,-229,518,63,-279,0,0
6,128,507,-616,310,-30,-353,-454,443,-408,99,651,-232,520,63,-274,0,0
6,0,503,-617,310,-30,-350,-451,451,-394,99,651,-229,518,63,-272,0,0
6,1,507,-615,312,-26,-353,-447,480,-370,99,651,-228,520,63,-277,0,0
6,2,507,-611,310,-31,-355,-450,481,-380,99,651,-229,523,63,-278,0,0
6,3,502,-610,310,-32,-354,-454,464,-398,99,651,-229,523,63,-278,0,0
6,4,500,-607,314,-28,-355,-452,466,-397,99,651,-229,518,63,-280,0,0
6,5,506,-604,311,-31,-355,-451,472,-389,99,653,-229,514,63,-283,0,0
6,6,509,-609,305,-35,-354,-454,475,-385,99,655,-229,514,63,-279,0,0
6,7,505,-614,308,-35,-357,-456,470,-390,99,653,-229,516,63,-274,0,0
6,8,499,-612,313,-34,-361,-456,455,-398,99,653,-229,516,63,-275,0,0
6,9,500,-617,311,-27,-357,-454,456,-393,99,654,-229,516,63,-278,-1,0
6,10,505,-621,309,-20,-352,-453,470,-381,99,650,-229,519,63,-279,0,0
6,11,507,-616,311,-25,-353,-453,481,-376,99,649,-229,519,63,-277,-1,0
6,12,504,-611,309,-33,-359,-455,477,-388,99,651,-229,519,63,-275,0,0
6,13,507,-609,307,-31,-361,-454,469,-393,99,652,-229,521,63,-276,-1,0
6,14,508,-610,310,-29,-359,-451,474,-383,99,651,-229,521,63,-278,0,0
6,15,502,-619,313,-30,-358,-451,472,-395,99,651,-229,519,63,-277,-1,0
6,16,501,-619,316,-31,-357,-450,448,-420,99,651,-231,522,63,-276,0,0
6,17,507,-612,316,-31,-352,-449,434,-421,99,651,-233,522,63,-276,-1,0
6,18,507,-612,309,-29,-351,-453,442,-412,99,651,-231,517,63,-277,0,0
6,19,508,-612,308,-29,-352,-456,443,-413,99,651,-229,517,63,-280,0,0
6,20,513,-610,312,-34,-353,-453,448,-405,99,651,-230,520,63,-280,0,0
6,21,509,-614,308,-33,-356,-453,470,-388,99,651,-233,518,63,-277,0,0
6,22,501,-615,306,-28,-356,-456,482,-392,99,651,-232,516,63,-277,0,0
6,23,499,-611,313,-28,-353,-455,476,-394,99,651,-232,518,63,-277,0,0
6,24,501,-610,314,-33,-352,-452,476,-379,99,651,-232,517,63,-276,0,0
6,25,504,-614,309,-34,-354,-452,483,-371,99,651,-232,511,63,-277,0,0
6,26,505,-615,310,-30,-355,-454,475,-385,99,651,-232,511,63,-274,0,0
6,27,508,-611,313,-30,-353,-454,467,-387,99,651,-232,521,63,-274,0,0
6,28,507,-608,311,-30,-353,-454,481,-371,99,651,-232,525,63,-280,0,0
6,29,501,-612,309,-28,-354,-454,490,-370,99,651,-232,516,63,-280,0,0
6,30,499,-615,309,-29,-352,-453,473,-384,99,651,-232,513,63,-275,0,0
6,31,504,-614,312,-32,-352,-451,465,-383,99,651,-232,518,63,-278,0,0
6,32,504,-613,311,-33,-355,-451,475,-374,99,651,-232,523,63,-279,0,0
6,33,503,-614,309,-34,-355,-452,471,-387,99,651,-232,521,63,-276,0,0
6,34,506,-614,312,-34,-353,-450,473,-390,99,651,-232,518,63,-277,0,0
7,35,504,-615,313,-30,-353,-451,485,-369,99,651,-232,518,63,-278,0,0
7,36,504,-615,309,-30,-353,-457,484,-367,99,651,-232,519,63,-277,0,0
7,37,507,-615,309,-31,-353,-457,476,-384,99,651,-232,510,63,-279,-1,0
7,38,505,-617,314,-25,-353,-453,466,-390,99,651,-232,509,63,-278,-1,0
7,39,505,-616,314,-25,-354,-456,477,-383,99,651,-232,518,63,-276,-1,0
7,40,509,-614,311,-29,-354,-457,494,-382,99,651,-232,515,63,-282,0,0
7,41,506,-616,306,-31,-352,-451,486,-385,99,651,-232,512,63,-280,0,0
7,42,502,-615,307,-28,-353,-450,471,-387,99,651,-232,516,63,-276,0,0
7,43,503,-614,313,-25,-356,-453,476,-393,99,650,-232,512,62,-280,0,0
7,44,499,-617,313,-30,-355,-454,479,-400,99,649,-232,511,61,-280,0,0
7,45,496,-614,310,-29,-355,-457,479,-393,99,650,-232,517,61,-274,0,0
7,46,502,-609,314,-22,-361,-454,491,-382,99,649,-232,521,62,-274,0,0
7,47,506,-610,313,-24,-362,-449,492,-384,99,649,-232,520,63,-277,0,0
7,48,506,-612,309,-33,-356,-449,483,-382,99,650,-232,513,63,-276,0,0
7,49,509,-613,309,-33,-354,-453,477,-382,99,650,-232,509,63,-279,0,0
7,50,510,-619,312,-30,-354,-457,466,-389,99,650,-232,517,63,-283,0,0
7,51,511,-619,314,-30,-358,-458,470,-383,99,650,-233,518,63,-284,0,0
7,52,512,-614,314,-30,-367,-453,484,-376,99,649,-232,513,63,-278,0,0
7,53,505,-618,310,-33,-365,-450,482,-387,99,649,-229,515,63,-272,0,0
7,54,501,-621,311,-35,-355,-454,477,-403,99,650,-228,518,63,-277,0,0
7,55,507,-618,315,-30,-352,-456,477,-407,99,650,-230,518,63,-284,0,0
7,56,505,-616,312,-27,-355,-454,471,-397,99,649,-230,520,63,-283,0,0
7,57,495,-615,306,-28,-352,-452,472,-379,99,650,-228,518,63,-279,0,0
7,58,497,-617,308,-23,-350,-454,478,-377,99,653,-228,517,63,-281,0,0
7,59,508,-619,314,-24,-354,-455,476,-389,99,653,-230,518,63,-281,0,0
7,60,510,-613,311,-27,-357,-449,470,-386,99,651,-230,517,63,-280,0,0
7,61,503,-611,310,-24,-352,-448,470,-386,99,651,-231,518,63,-280,0,0
7,62,503,-621,315,-28,-349,-452,469,-393,99,652,-231,519,63,-279,0,0
7,63,513,-621,317,-28,-355,-453,477,-390,99,651,-231,517,63,-279,0,0
7,64,511,-611,312,-24,-355,-452,492,-383,99,651,-230,514,63,-278,0,0
7,65,501,-612,310,-26,-349,-453,495,-387,99,651,-231,510,63,-277,0,0
7,66,501,-614,310,-34,-355,-453,487,-389,99,651,-233,511,63,-278,0,0
7,67,505,-612,310,-37,-359,-451,477,-385,99,651,-233,518,63,-282,0,0
7,68,505,-614,313,-39,-351,-451,469,-384,99,652,-231,522,63,-280,0,0
7,69,503,-615,309,-32,-351,-451,470,-385,99,652,-229,516,63,-275,0,0
7,70,501,-614,304,-24,-357,-454,475,-384,99,650,-230,514,63,-277,0,0
7,71,500,-615,310,-32,-353,-454,475,-384,99,653,-232,517,63,-281,0,0
7,72,507,-618,318,-33,-350,-454,475,-391,99,653,-232,521,62,-278,0,0
7,73,507,-617,313,-30,-352,-456,464,-401,99,640,-232,524,60,-276,0,0
7,74,500,-615,305,-33,-356,-455,451,-397,99,631,-232,522,60,-278,0,0
7,75,502,-613,310,-30,-361,-452,473,-375,99,634,-232,519,63,-277,0,0
7,76,506,-615,314,-28,-362,-455,500,-365,99,637,-232,523,64,-281,0,0
7,77,504,-617,310,-30,-359,-457,484,-382,99,637,-232,524,63,-284,0,0
7,78,499,-615,309,-31,-359,-450,468,-389,99,636,-232,519,62,-277,0,0
7,79,504,-613,312,-30,-354,-449,479,-379,99,637,-232,522,63,-274,0,0
7,80,508,-615,316,-29,-347,-452,476,-386,99,649,-232,523,63,-280,0,0
7,81,504,-616,314,-30,-354,-450,472,-383,99,656,-232,512,63,-280,0,0
7,82,503,-614,310,-32,-360,-449,479,-366,99,651,-232,510,63,-276,0,0
7,83,505,-613,311,-31,-356,-452,463,-373,99,650,-232,518,63,-279,-1,0
7,84,504,-614,311,-27,-353,-452,446,-391,99,654,-232,522,63,-281,0,0
7,85,504,-612,309,-28,-353,-451,461,-390,99,651,-232,513,63,-279,-1,0
7,86,504,-616,310,-30,-353,-455,477,-385,99,649,-232,501,63,-277,0,0
7,87,505,-620,312,-35,-355,-455,471,-391,99,649,-232,507,63,-276,-1,0
7,88,506,-616,309,-39,-355,-449,468,-388,99,650,-232,520,63,-274,-1,0
7,89,507,-614,309,-33,-353,-451,475,-382,99,651,-232,521,63,-274,0,0
7,90,504,-618,313,-29,-353,-453,476,-385,99,651,-232,514,63,-279,-1,0
7,91,504,-615,316,-29,-355,-450,474,-384,99,651,-232,520,63,-284,0,0
7,92,504,-611,314,-23,-358,-455,471,-391,99,651,-232,522,63,-282,0,0
7,93,499,-613,312,-24,-355,-458,457,-408,99,651,-232,513,63,-275,0,0
7,94,499,-615,309,-31,-353,-452,449,-409,99,651,-232,515,63,-275,0,0
7,95,504,-616,307,-29,-359,-451,459,-399,99,651,-232,518,63,-278,0,0
7,96,509,-614,310,-27,-360,-455,475,-402,99,651,-232,514,63,-276,0,0
7,97,505,-614,311,-32,-353,-454,479,-406,99,651,-232,509,63,-277,0,0
7,98,499,-613,309,-32,-351,-450,474,-406,99,651,-232,517,63,-282,0,0
7,99,502,-612,309,-31,-357,-451,471,-405,99,651,-232,521,63,-283,0,0
7,100,508,-615,312,-31,-367,-456,475,-386,99,651,-232,512,63,-280,0,0
7,101,509,-617,313,-31,-367,-453,475,-372,99,651,-232,516,63,-277,0,0
7,102,507,-616,314,-32,-354,-447,471,-385,99,651,-232,526,63,-276,0,0
7,103,506,-615,314,-30,-349,-451,472,-389,99,651,-232,519,63,-279,0,0
7,104,506,-613,311,-27,-355,-457,467,-388,99,651,-232,514,63,-276,0,0
7,105,509,-610,310,-31,-354,-453,454,-408,99,651,-232,522,63,-272,0,0
7,106,507,-613,310,-31,-352,-449,461,-418,99,651,-232,515,63,-276,0,0
7,107,501,-613,309,-26,-350,-450,480,-405,99,651,-232,504,63,-277,0,0
7,108,504,-609,309,-28,-350,-454,477,-398,99,651,-232,515,63,-270,0,0
7,109,509,-617,310,-30,-356,-457,469,-394,99,651,-232,523,63,-272,0,0
7,110,504,-622,310,-33,-362,-456,465,-386,99,651,-232,515,63,-280,0,0
7,111,502,-613,312,-32,-363,-453,457,-390,99,651,-232,517,63,-279,0,0
7,112,505,-611,312,-24,-363,-453,463,-392,99,652,-232,524,63,-275,-1,0
7,113,506,-617,310,-26,-359,-454,469,-386,99,652,-232,521,63,-279,0,0
7,114,505,-614,311,-29,-352,-453,460,-390,99,652,-232,518,63,-281,0,0
7,115,505,-610,314,-21,-355,-451,466,-395,99,652,-232,521,62,-276,0,0
7,116,504,-615,314,-22,-355,-450,480,-398,99,652,-232,520,63,-276,0,0
7,117,503,-615,314,-32,-347,-447,470,-412,99,652,-232,519,63,-280,0,0
7,118,504,-614,311,-30,-351,-448,464,-410,99,652,-232,519,60,-279,0,0
7,119,509,-615,306,-29,-364,-453,480,-375,99,652,-232,518,57,-278,0,0
7,120,513,-613,311,-34,-361,-452,483,-364,99,652,-232,518,62,-280,0,0
7,121,508,-615,318,-31,-352,-449,472,-384,99,652,-232,519,63,-278,0,0
7,122,501,-616,313,-28,-359,-452,473,-387,99,652,-232,516,58,-276,0,0
7,123,505,-612,308,-29,-362,-455,469,-383,99,652,-232,517,58,-276,0,0
7,124,507,-614,308,-29,-358,-454,446,-402,99,652,-232,520,61,-279,0,0
7,125,501,-619,310,-32,-359,-457,444,-409,99,652,-232,516,61,-281,0,0
7,126,503,-618,311,-32,-358,-459,463,-395,99,652,-232,519,60,-278,0,0
7,127,507,-615,312,-29,-355,-456,465,-407,99,652,-232,524,61,-274,0,0
7,128,501,-615,315,-29,-359,-455,463,-418,99,652,-232,520,61,-276,0,0
7,0,499,-614,316,-31,-361,-455,478,-396,99,652,-232,516,62,-281,0,0
7,1,504,-614,313,-32,-356,-453,477,-382,99,652,-232,521,63,-284,0,0
7,2,501,-613,309,-30,-357,-452,473,-382,99,652,-232,523,63,-279,0,0
7,3,497,-606,311,-31,-358,-454,497,-372,99,652,-232,519,63,-274,0,0
7,4,500,-605,314,-32,-354,-452,508,-374,99,652,-232,517,63,-278,0,0
7,5,502,-613,315,-30,-352,-452,485,-391,99,652,-232,515,63,-280,0,0
7,6,500,-615,314,-29,-352,-451,460,-404,99,652,-232,515,63,-278,0,0
7,7,503,-614,313,-32,-352,-450,459,-406,99,652,-232,520,63,-279,0,0
7,8,505,-612,312,-25,-356,-455,471,-398,99,652,-232,521,63,-279,0,0
7,9,502,-610,313,-17,-362,-457,480,-384,99,652,-232,519,62,-278,0,0
7,10,505,-611,314,-26,-364,-450,479,-381,99,652,-232,514,64,-278,-1,0
7,11,508,-615,313,-34,-361,-445,480,-383,99,652,-232,517,64,-278,-1,0
7,12,503,-616,312,-29,-359,-450,482,-378,99,652,-232,521,59,-277,0,0
7,13,498,-613,312,-28,-358,-453,474,-379,99,652,-232,511,58,-279,-1,0
7,14,502,-613,312,-32,-361,-451,475,-388,99,652,-232,503,61,-279,0,0
7,15,502,-615,315,-31,-358,-451,485,-386,99,652,-231,515,62,-279,0,0
7,16,502,-611,316,-33,-349,-455,482,-378,99,652,-229,522,58,-276,0,0
7,17,503,-609,308,-33,-357,-455,469,-393,99,652,-229,515,57,-273,0,0
7,18,504,-616,308,-30,-363,-452,467,-415,99,652,-229,514,62,-278,0,0
7,19,504,-617,314,-34,-354,-454,473,-409,99,652,-229,519,65,-285,0,0
7,20,501,-611,312,-33,-353,-457,470,-398,99,652,-229,516,61,-284,0,0
7,21,503,-614,308,-27,-360,-457,477,-392,99,652,-229,520,60,-277,0,0
7,22,507,-621,312,-29,-357,-453,495,-377,99,652,-229,525,63,-276,0,0
7,23,508,-617,314,-31,-351,-449,492,-370,99,652,-229,521,63,-278,0,0
7,24,506,-614,310,-29,-356,-451,472,-384,99,652,-229,516,63,-280,0,0
7,25,503,-615,310,-29,-361,-454,471,-385,99,652,-229,521,64,-280,0,0
7,26,499,-614,311,-25,-362,-454,477,-384,99,652,-229,523,63,-277,0,0
7,27,504,-615,313,-27,-364,-455,468,-407,99,652,-229,514,62,-276,0,0
7,28,510,-615,314,-30,-363,-458,467,-407,99,652,-229,514,63,-276,0,0
7,29,505,-613,310,-24,-357,-454,474,-380,99,652,-229,518,63,-278,0,0
7,30,501,-612,304,-27,-349,-452,470,-378,99,652,-229,516,63,-279,0,0
7,31,503,-612,306,-28,-354,-459,480,-392,99,652,-229,517,63,-278,0,0
7,32,503,-612,313,-23,-360,-460,498,-386,99,652,-229,519,63,-277,0,0
7,33,502,-615,314,-27,-356,-450,492,-374,99,652,-228,518,63,-278,0,0
7,34,502,-618,312,-34,-356,-449,472,-380,99,651,-230,516,63,-277,0,-1
8,35,508,-619,308,-27,-361,-455,474,-385,99,652,-232,516,63,-276,0,0
8,36,510,-615,308,-26,-359,-454,480,-387,99,652,-233,516,63,-277,0,0
8,37,506,-611,311,-33,-352,-454,474,-384,99,651,-232,520,63,-279,0,0
8,38,505,-614,313,-29,-352,-461,471,-386,99,653,-232,519,63,-279,0,0
8,39,505,-619,312,-28,-353,-461,472,-393,99,654,-232,511,63,-277,0,0
8,40,502,-615,309,-34,-352,-453,469,-395,99,651,-232,511,62,-276,-1,0
8,41,502,-612,310,-31,-361,-453,474,-387,99,649,-232,518,61,-278,0,0
8,42,504,-613,312,-24,-362,-457,482,-388,99,651,-232,521,61,-279,0,0
8,43,506,-616,311,-28,-350,-452,474,-405,99,652,-232,517,61,-280,0,0
8,44,506,-622,311,-32,-353,-450,473,-404,99,651,-232,517,61,-276,0,0
8,45,504,-622,314,-25,-364,-458,493,-383,99,651,-232,518,61,-274,0,0
8,46,501,-612,313,-26,-357,-458,511,-374,99,651,-232,519,61,-278,0,0
8,47,501,-610,312,-32,-348,-453,496,-388,99,651,-232,519,61,-280,0,0
8,48,505,-615,314,-32,-352,-454,461,-412,99,651,-232,520,61,-276,0,0
8,49,505,-614,313,-24,-355,-456,454,-414,99,651,-232,520,61,-280,0,0
8,50,506,-614,310,-22,-353,-455,476,-400,99,651,-232,517,61,-282,0,0
8,51,507,-619,312,-27,-351,-453,478,-403,99,651,-232,515,61,-277,0,0
8,52,504,-618,315,-31,-352,-451,463,-415,99,651,-232,519,61,-275,0,0
8,53,503,-613,312,-27,-357,-451,468,-401,99,651,-232,521,61,-279,0,0
8,54,506,-612,308,-28,-354,-456,476,-390,99,651,-232,506,61,-284,-1,0
8,55,504,-613,309,-34,-350,-456,469,-392,99,651,-232,500,61,-283,0,0
8,56,503,-616,311,-30,-354,-452,477,-384,99,651,-232,517,61,-281,-1,0
8,57,509,-616,314,-25,-359,-452,483,-382,99,651,-232,529,61,-281,-1,0
8,58,513,-613,313,-29,-355,-455,475,-383,99,651,-232,520,61,-277,-1,0
8,59,508,-612,310,-28,-352,-456,471,-384,99,651,-232,512,61,-272,-1,0
8,60,500,-619,313,-25,-358,-453,463,-401,99,651,-232,519,61,-273,-1,0
8,61,500,-622,316,-28,-359,-450,448,-414,99,651,-232,520,61,-277,-1,0
8,62,505,-614,312,-23,-354,-449,452,-404,99,651,-232,516,61,-275,-1,0
8,63,499,-611,310,-21,-355,-452,469,-398,99,651,-232,515,61,-276,-1,0
8,64,493,-614,313,-29,-362,-453,491,-392,99,651,-232,516,61,-279,0,0
8,65,501,-613,311,-31,-361,-454,500,-383,99,651,-232,514,61,-278,0,0
8,66,505,-613,307,-26,-353,-454,475,-401,99,651,-232,511,61,-277,0,0
8,67,499,-618,308,-31,-353,-451,460,-410,99,651,-232,514,62,-279,0,0
8,68,502,-619,313,-33,-363,-453,474,-387,99,651,-232,517,60,-278,0,0
8,69,508,-612,314,-28,-365,-455,477,-378,99,651,-232,515,57,-271,0,0
8,70,504,-609,310,-31,-355,-453,474,-386,99,651,-232,511,60,-275,0,0
8,71,504,-618,314,-34,-346,-451,470,-401,99,651,-232,516,64,-278,0,0
8,72,507,-618,316,-28,-352,-452,446,-411,99,651,-232,519,60,-276,0,0
8,73,504,-609,313,-21,-366,-452,447,-399,99,651,-232,517,57,-277,0,0
8,74,501,-610,312,-27,-367,-451,476,-389,99,651,-232,516,61,-282,0,0
8,75,501,-615,312,-36,-361,-452,479,-406,99,651,-232,511,62,-282,0,0
8,76,504,-615,312,-36,-360,-454,467,-420,99,651,-232,515,61,-279,0,0
8,77,508,-616,312,-28,-354,-455,466,-420,99,651,-232,523,61,-279,0,0
8,78,505,-615,310,-22,-348,-453,468,-422,99,651,-232,517,62,-279,0,0
8,79,499,-611,309,-25,-353,-456,473,-417,99,651,-232,513,61,-278,0,0
8,80,503,-615,312,-26,-357,-460,474,-418,99,651,-232,518,58,-281,0,0
8,81,508,-617,314,-21,-355,-456,468,-421,99,651,-232,516,56,-283,0,0
8,82,505,-613,312,-25,-352,-452,475,-399,99,651,-232,511,57,-278,0,0
8,83,500,-613,309,-33,-351,-454,477,-381,99,651,-232,515,57,-274,0,0
8,84,505,-615,312,-30,-357,-454,462,-390,99,651,-232,517,56,-280,0,0
8,85,508,-614,316,-29,-356,-451,464,-391,99,651,-232,516,59,-280,0,0
8,86,503,-612,315,-32,-357,-453,480,-380,99,651,-232,515,63,-274,0,0
8,87,504,-613,312,-29,-362,-458,482,-383,99,651,-232,516,63,-276,-1,0
8,88,507,-617,312,-32,-358,-457,489,-388,99,651,-232,522,62,-279,0,0
8,89,504,-618,315,-36,-350,-452,506,-379,99,651,-232,520,63,-277,0,0
8,90,499,-613,313,-27,-357,-453,499,-383,99,651,-232,517,64,-279,0,0
8,91,503,-611,306,-20,-364,-457,476,-398,99,651,-232,519,63,-281,0,0
8,92,505,-612,307,-26,-356,-454,472,-397,99,651,-232,519,63,-277,-1,0
8,93,502,-611,313,-25,-351,-454,483,-378,99,651,-232,516,63,-280,0,0
8,94,506,-612,309,-23,-358,-457,480,-369,99,651,-232,520,63,-283,0,0
8,95,510,-612,306,-31,-356,-450,458,-384,99,651,-232,525,63,-281,0,0
8,96,507,-610,311,-36,-354,-447,459,-388,99,651,-232,520,63,-280,0,0
8,97,499,-611,313,-29,-364,-452,487,-370,99,651,-232,516,63,-276,0,0
8,98,499,-617,311,-27,-363,-451,504,-363,99,651,-232,518,63,-273,0,0
8,99,502,-617,313,-32,-349,-451,498,-374,99,651,-232,519,63,-277,0,0
8,100,506,-611,314,-32,-348,-457,479,-387,99,651,-232,516,64,-279,0,0
8,101,509,-610,310,-28,-355,-457,469,-395,99,651,-232,515,62,-277,0,0
8,102,502,-616,312,-27,-355,-450,476,-386,99,651,-232,517,61,-277,0,0
8,103,498,-619,315,-32,-356,-450,478,-368,99,651,-232,519,62,-277,0,0
8,104,501,-615,309,-34,-355,-453,468,-367,99,651,-232,519,62,-275,0,0
8,105,504,-613,306,-27,-352,-454,471,-367,99,651,-232,516,59,-275,0,0
8,106,502,-617,312,-22,-353,-453,483,-363,99,651,-232,516,59,-276,0,0
8,107,505,-616,314,-28,-352,-452,489,-374,99,651,-232,516,62,-276,0,0
8,108,510,-610,311,-29,-353,-452,485,-381,98,654,-232,513,64,-282,0,0
8,109,501,-610,314,-27,-361,-454,472,-380,98,655,-232,511,63,-282,0,0
8,110,494,-616,317,-28,-364,-453,478,-382,101,653,-232,515,61,-274,0,0
8,111,500,-615,312,-26,-359,-451,497,-378,97,653,-232,519,60,-274,0,0
8,112,508,-609,313,-24,-353,-451,486,-377,97,653,-232,518,62,-280,0,0
8,113,503,-608,317,-27,-350,-453,466,-384,112,650,-232,519,64,-279,0,0
8,114,502,-610,308,-27,-353,-457,481,-379,113,649,-232,520,63,-276,0,0
8,115,507,-612,302,-27,-361,-455,489,-367,97,651,-232,520,61,-278,0,0
8,116,504,-613,308,-34,-359,-452,477,-361,94,652,-232,521,61,-277,0,0
8,117,505,-613,310,-33,-349,-453,477,-363,100,651,-232,518,61,-277,0,0
8,118,509,-616,309,-26,-349,-454,476,-375,98,651,-232,513,61,-279,0,0
8,119,504,-620,314,-28,-358,-453,470,-382,96,651,-232,516,60,-276,0,0
8,120,501,-618,314,-31,-363,-453,475,-372,98,651,-232,520,61,-279,0,0
8,121,504,-612,310,-26,-359,-454,473,-372,96,651,-232,515,63,-281,0,0
8,122,504,-612,313,-25,-356,-454,454,-401,97,651,-232,513,63,-278,0,0
8,123,501,-614,314,-29,-361,-457,443,-419,97,651,-232,515,62,-276,0,0
8,124,504,-614,308,-24,-361,-458,463,-396,97,651,-232,514,62,-277,0,0
8,125,506,-615,307,-24,-351,-457,481,-379,97,651,-232,514,64,-279,0,0
8,126,503,-612,311,-33,-350,-456,467,-400,97,651,-232,520,63,-277,0,0
8,127,503,-609,311,-34,-357,-452,459,-411,97,651,-232,521,63,-275,0,0
8,128,507,-610,309,-29,-358,-452,476,-389,97,651,-232,520,63,-278,0,0
8,0,506,-612,310,-27,-356,-456,478,-383,97,651,-232,522,63,-283,0,0
8,1,500,-613,313,-25,-352,-452,463,-393,97,651,-232,524,63,-282,0,0
8,2,503,-614,313,-30,-355,-449,469,-387,97,651,-232,521,63,-278,0,0
8,3,507,-615,314,-34,-362,-456,479,-379,97,651,-232,517,63,-279,0,0
8,4,500,-614,316,-31,-361,-454,470,-380,97,651,-232,518,63,-280,0,0
8,5,499,-616,313,-29,-352,-448,445,-398,97,651,-232,519,63,-278,0,0
8,6,502,-616,307,-29,-350,-454,436,-408,97,651,-232,519,63,-276,0,0
8,7,503,-615,309,-27,-355,-459,460,-397,97,652,-232,516,63,-277,0,0
8,8,501,-616,313,-26,-356,-457,475,-389,97,653,-233,516,61,-279,0,0
8,9,504,-614,311,-29,-351,-456,466,-394,97,653,-231,517,60,-277,0,0
8,10,503,-612,311,-29,-351,-455,477,-393,97,653,-229,512,60,-279,0,0
8,11,498,-615,310,-26,-362,-452,501,-373,97,653,-231,510,60,-281,-1,0
8,12,502,-617,308,-31,-362,-451,493,-368,97,652,-233,511,61,-279,0,0
8,13,506,-613,309,-37,-354,-455,473,-379,97,651,-232,513,63,-278,-1,0
8,14,506,-612,311,-32,-359,-457,477,-383,97,652,-232,514,63,-278,0,0
8,15,508,-615,309,-29,-361,-454,480,-385,97,651,-232,513,63,-278,-1,0
8,16,504,-616,313,-31,-352,-452,465,-387,97,651,-232,515,62,-277,0,0
8,17,499,-613,315,-32,-353,-453,460,-384,97,651,-232,521,60,-279,0,0
8,18,502,-609,310,-31,-361,-451,469,-376,97,651,-232,523,60,-281,0,0
8,19,505,-612,311,-28,-355,-449,472,-383,97,651,-232,517,60,-280,0,0
8,20,500,-615,311,-28,-350,-453,472,-384,97,651,-232,518,60,-277,-1,0
8,21,502,-612,308,-29,-360,-454,469,-386,97,651,-232,521,60,-278,0,0
8,22,505,-611,311,-30,-363,-453,458,-395,97,651,-232,518,60,-276,0,0
8,23,506,-615,312,-32,-356,-455,451,-393,97,651,-232,516,60,-275,0,0
8,24,509,-615,306,-34,-354,-452,456,-400,97,651,-232,518,60,-279,0,0
8,25,506,-613,309,-25,-357,-448,465,-409,97,651,-232,516,60,-276,0,0
8,26,502,-615,310,-25,-359,-453,476,-405,97,651,-232,513,61,-271,0,0
8,27,505,-615,305,-30,-359,-456,469,-408,97,651,-232,517,61,-275,0,0
8,28,507,-614,308,-21,-358,-454,450,-416,97,651,-232,522,61,-281,0,0
8,29,508,-616,311,-23,-354,-455,454,-404,97,652,-232,523,61,-278,0,0
8,30,508,-616,309,-29,-354,-452,473,-389,99,652,-232,522,61,-275,0,0
8,31,506,-613,309,-24,-356,-454,474,-399,101,651,-232,517,60,-278,0,0
8,32,504,-611,312,-23,-355,-461,462,-408,101,652,-232,514,61,-283,0,0
8,33,507,-611,313,-27,-352,-457,459,-404,101,651,-232,516,60,-280,0,0
8,34,506,-616,314,-26,-352,-451,468,-396,99,650,-232,519,59,-276,-1,0
9,35,505,-619,312,-30,-356,-454,476,-396,97,648,-232,514,60,-278,0,0
9,36,504,-616,311,-34,-356,-454,471,-400,97,647,-232,510,63,-280,-1,0
9,37,503,-617,313,-25,-350,-451,468,-399,97,649,-232,515,63,-277,-1,0
9,38,503,-619,310,-26,-351,-453,469,-406,97,653,-232,520,63,-276,0,0
9,39,499,-614,312,-33,-357,-455,460,-414,97,653,-232,518,64,-278,-1,0
9,40,499,-611,312,-25,-353,-451,461,-405,97,651,-232,513,63,-277,0,0
9,41,505,-616,310,-21,-348,-445,471,-400,97,651,-232,513,63,-275,-1,0
9,42,509,-617,312,-28,-353,-444,472,-409,97,652,-232,522,63,-274,0,0
9,43,505,-617,311,-24,-355,-451,468,-407,97,651,-232,520,63,-276,0,0
9,44,504,-617,308,-18,-351,-454,472,-388,97,651,-232,513,63,-277,0,0
9,45,503,-618,309,-28,-352,-449,475,-383,97,651,-232,518,63,-276,0,0
9,46,501,-617,313,-34,-356,-450,477,-399,97,651,-232,522,63,-278,0,0
9,47,506,-611,313,-27,-354,-457,472,-417,97,651,-232,521,63,-278,0,0
9,48,506,-607,312,-25,-354,-454,454,-419,97,651,-232,518,63,-278,0,0
9,49,502,-610,312,-25,-357,-451,442,-423,97,651,-232,515,63,-282,0,0
9,50,504,-614,314,-28,-362,-455,436,-442,97,651,-232,514,63,-281,0,0
9,51,508,-613,311,-33,-363,-453,444,-439,97,651,-232,515,63,-277,0,0
9,52,508,-615,311,-30,-360,-451,467,-416,97,651,-232,518,63,-279,0,0
9,53,507,-616,315,-25,-355,-456,485,-404,97,651,-232,521,63,-277,0,0
9,54,503,-613,313,-32,-355,-457,480,-401,97,651,-232,519,63,-274,0,0
9,55,500,-615,309,-33,-360,-453,461,-403,97,651,-232,513,63,-276,0,0
9,56,501,-616,313,-18,-359,-453,460,-411,97,651,-232,514,63,-275,0,0
9,57,504,-615,313,-19,-353,-453,475,-405,97,651,-232,517,63,-274,0,0
9,58,507,-617,310,-32,-351,-452,471,-410,97,651,-232,520,64,-277,0,0
9,59,505,-618,313,-30,-351,-451,442,-445,97,651,-232,524,63,-276,0,0
9,60,497,-614,312,-25,-348,-451,434,-450,97,651,-232,520,60,-277,0,0
9,61,501,-614,309,-32,-347,-456,454,-421,97,651,-232,515,60,-280,0,0
9,62,504,-618,312,-32,-359,-460,466,-414,97,651,-232,519,63,-279,0,0
9,63,500,-613,313,-27,-366,-453,471,-419,97,651,-232,520,63,-274,0,0
9,64,504,-611,314,-32,-359,-451,474,-411,97,651,-232,515,63,-274,0,0
9,65,503,-617,314,-32,-352,-454,473,-405,97,651,-232,511,64,-275,0,0
9,66,498,-616,311,-30,-351,-452,466,-410,97,651,-232,515,63,-276,-1,0
9,67,504,-614,309,-31,-354,-457,468,-412,97,651,-232,518,63,-274,0,0
9,68,503,-614,309,-31,-356,-460,476,-410,97,651,-232,518,63,-275,-1,0
9,69,497,-614,313,-30,-356,-453,464,-413,97,651,-232,518,63,-279,-1,0
9,70,506,-613,316,-31,-357,-452,448,-415,97,651,-232,517,63,-279,-1,0
9,71,512,-614,315,-29,-357,-460,453,-415,97,651,-232,517,63,-279,0,0
9,72,501,-617,306,-25,-361,-459,454,-425,97,651,-232,521,63,-280,-1,0
9,73,497,-614,310,-28,-362,-453,442,-446,97,651,-232,521,63,-277,0,0
9,74,502,-613,317,-33,-355,-454,451,-443,97,651,-232,516,63,-274,0,0
9,75,501,-614,304,-32,-355,-455,474,-414,97,651,-232,514,63,-279,0,0
9,76,501,-612,299,-28,-363,-453,470,-407,97,651,-232,515,63,-282,0,0
9,77,502,-612,312,-28,-361,-452,451,-414,97,651,-232,517,63,-276,0,0
9,78,500,-617,314,-30,-354,-452,464,-406,97,651,-232,518,63,-278,0,-1
9,79,502,-618,306,-27,-352,-452,477,-403,97,651,-232,517,63,-282,0,0
9,80,502,-613,313,-22,-358,-454,452,-415,97,651,-232,516,63,-278,0,0
9,81,501,-612,319,-28,-366,-455,445,-409,97,651,-232,515,63,-280,0,0
9,82,502,-614,307,-34,-362,-452,471,-397,97,651,-232,515,63,-283,0,0
9,83,502,-615,304,-30,-357,-452,475,-406,97,651,-232,516,63,-276,0,0
9,84,499,-611,313,-27,-361,-456,467,-411,97,651,-232,515,63,-276,0,0
9,85,505,-608,313,-32,-356,-456,474,-412,97,651,-232,516,63,-280,0,0
9,86,508,-614,309,-29,-350,-453,466,-415,97,651,-232,513,63,-277,0,0
9,87,501,-617,310,-23,-357,-455,458,-398,97,651,-232,514,63,-277,0,0
9,88,503,-615,311,-27,-362,-459,471,-388,97,651,-232,517,63,-280,0,0
9,89,506,-617,310,-29,-358,-455,479,-403,97,651,-232,506,63,-278,-1,0
9,90,503,-616,311,-23,-357,-450,476,-411,97,651,-232,502,63,-276,0,0
9,91,504,-609,312,-26,-360,-452,456,-422,97,651,-232,521,63,-276,-1,0
9,92,508,-612,313,-34,-357,-455,439,-435,97,651,-232,529,63,-276,0,0
9,93,505,-616,313,-35,-349,-452,455,-419,97,651,-232,513,63,-276,-1,0
9,94,501,-610,313,-25,-351,-453,479,-404,97,651,-232,510,63,-273,0,0
9,95,503,-612,311,-21,-358,-455,475,-416,97,651,-232,521,63,-277,0,0
9,96,502,-616,310,-28,-357,-453,472,-418,97,651,-232,518,63,-281,0,0
9,97,501,-614,310,-26,-355,-449,479,-406,97,651,-232,510,63,-279,0,0
9,98,505,-612,307,-20,-356,-446,472,-412,97,651,-232,514,63,-277,0,0
9,99,511,-613,303,-25,-355,-450,469,-420,97,651,-232,525,63,-276,0,0
9,100,506,-616,308,-28,-356,-454,480,-409,97,651,-232,524,63,-277,0,0
9,101,502,-615,316,-27,-357,-448,480,-396,97,651,-232,518,63,-279,0,0
9,102,510,-614,314,-31,-356,-447,473,-398,97,651,-232,514,63,-280,0,0
9,103,508,-615,313,-34,-355,-453,475,-408,97,651,-232,514,63,-277,0,0
9,104,500,-616,315,-24,-354,-456,467,-419,97,651,-232,518,63,-278,0,0
9,105,500,-613,312,-19,-355,-458,456,-425,97,651,-232,517,63,-284,0,0
9,106,499,-613,313,-25,-359,-456,477,-410,97,651,-232,513,63,-281,0,0
9,107,498,-619,315,-26,-359,-451,500,-397,97,651,-232,518,63,-275,-1,0
9,108,501,-620,310,-21,-358,-452,485,-403,97,651,-232,521,63,-276,0,0
9,109,503,-617,307,-26,-359,-454,471,-405,97,651,-232,517,63,-278,0,0
9,110,503,-614,310,-32,-359,-453,475,-406,97,651,-232,516,63,-276,0,0
9,111,506,-614,311,-29,-360,-454,471,-415,97,651,-232,519,63,-277,0,0
9,112,502,-611,313,-23,-360,-452,468,-407,97,649,-232,521,63,-282,-1,0
9,113,498,-606,310,-25,-354,-454,471,-398,97,649,-232,520,63,-278,-1,0
9,114,505,-611,304,-27,-347,-454,466,-412,97,650,-232,518,63,-272,0,0
9,115,506,-620,308,-25,-352,-450,466,-410,97,649,-232,515,63,-275,-1,0
9,116,500,-615,314,-25,-364,-450,473,-397,97,649,-232,513,63,-278,-1,0
9,117,502,-608,313,-24,-366,-453,487,-406,97,650,-232,515,63,-278,-1,0
9,118,505,-612,309,-23,-361,-454,496,-407,96,650,-232,519,63,-280,-1,0
9,119,503,-614,311,-27,-358,-452,483,-389,97,650,-232,519,63,-280,-1,0
9,120,503,-611,309,-29,-356,-450,465,-392,99,650,-232,514,63,-277,-1,0
9,121,504,-612,304,-27,-358,-452,474,-402,94,650,-232,514,63,-275,-1,0
9,122,503,-615,307,-26,-363,-458,479,-406,99,650,-232,517,63,-277,-1,0
9,123,502,-613,312,-24,-358,-454,448,-432,110,650,-232,518,63,-279,0,0
9,124,502,-613,310,-22,-348,-450,434,-450,106,649,-232,516,63,-277,0,0
9,125,501,-616,310,-30,-353,-453,460,-431,95,649,-232,516,63,-275,0,0
9,126,504,-616,313,-36,-362,-453,475,-418,98,650,-232,517,63,-277,0,0
9,127,508,-613,308,-27,-362,-455,470,-420,102,650,-232,513,63,-278,-1,0
9,128,503,-613,308,-21,-361,-458,475,-429,98,649,-232,517,63,-276,0,0
9,0,494,-614,315,-26,-355,-455,472,-442,97,651,-232,519,63,-280,-1,0
9,1,497,-609,314,-28,-353,-451,466,-430,100,654,-232,506,63,-284,0,0
9,2,506,-608,309,-21,-355,-451,494,-395,100,652,-232,505,63,-279,-1,0
9,3,504,-612,311,-23,-354,-452,511,-392,100,649,-232,517,63,-276,-1,0
9,4,500,-615,314,-32,-356,-450,498,-406,100,649,-232,519,63,-279,-1,0
9,5,505,-612,311,-35,-358,-451,498,-398,100,650,-232,513,63,-278,-1,0
9,6,508,-609,309,-26,-352,-454,507,-390,100,649,-232,508,63,-275,-1,0
9,7,503,-609,312,-22,-352,-451,497,-400,100,649,-232,510,63,-278,-1,0
9,8,504,-612,316,-23,-358,-447,490,-403,100,650,-232,513,63,-277,-1,0
9,9,507,-613,313,-22,-355,-450,502,-382,100,650,-232,511,63,-274,-1,0
9,10,503,-612,310,-24,-347,-451,506,-368,100,650,-232,509,63,-274,-1,0
9,11,499,-611,313,-24,-351,-449,497,-376,100,650,-232,521,63,-274,-1,0
9,12,501,-612,315,-24,-361,-453,496,-380,100,650,-232,525,63,-278,-1,0
9,13,502,-613,310,-26,-364,-454,503,-378,100,650,-232,515,63,-282,0,0
9,14,503,-615,306,-27,-356,-451,505,-384,100,650,-232,513,63,-277,-1,0
9,15,502,-615,310,-24,-350,-450,503,-388,100,650,-232,518,63,-275,0,0
9,16,503,-612,315,-27,-355,-449,497,-382,100,649,-232,513,63,-277,0,0
9,17,503,-611,311,-32,-365,-451,494,-383,100,649,-232,506,62,-278,0,0
9,18,501,-615,306,-28,-365,-455,499,-388,100,650,-232,512,61,-279,0,0
9,19,503,-616,310,-32,-357,-455,505,-382,100,649,-232,522,61,-281,0,0
9,20,503,-610,310,-35,-358,-452,513,-363,100,649,-232,520,61,-278,0,0
9,21,502,-609,305,-26,-366,-452,497,-366,100,652,-232,510,62,-279,0,0
9,22,502,-613,307,-20,-368,-458,473,-382,100,653,-232,513,63,-280,0,0
9,23,502,-614,314,-26,-362,-454,488,-372,100,650,-232,517,61,-278,0,0
9,24,501,-616,314,-33,-358,-448,515,-366,100,649,-232,510,61,-277,0,0
9,25,503,-616,312,-32,-361,-451,506,-383,100,652,-232,508,63,-274,0,0
9,26,505,-615,312,-35,-363,-450,488,-389,100,652,-232,516,63,-273,0,0
9,27,502,-615,310,-39,-355,-447,480,-397,100,651,-232,514,63,-276,0,0
9,28,499,-615,313,-35,-345,-451,467,-418,100,651,-232,512,63,-278,0,0
9,29,500,-615,316,-23,-353,-451,469,-411,100,651,-232,520,63,-278,0,0
9,30,503,-615,311,-22,-368,-450,496,-385,100,651,-232,520,63,-280,0,0
9,31,506,-613,306,-27,-366,-458,509,-376,100,651,-232,514,63,-280,0,0
9,32,506,-614,309,-24,-356,-458,494,-374,100,651,-232,515,63,-277,0,0
9,33,506,-615,313,-25,-357,-454,471,-380,100,651,-232,517,61,-275,0,0
9,34,501,-616,312,-34,-360,-455,471,-384,100,651,-232,519,60,-278,0,0
