0,106,503,-614,312,-33,-350,-450,508,-391,122,651,-232,494,63,-280,0,0
0,107,503,-615,313,-35,-350,-447,496,-414,120,654,-232,504,63,-280,0,0
0,108,501,-614,311,-30,-360,-444,473,-418,121,653,-232,498,63,-282,0,0
0,109,503,-613,311,-29,-359,-449,476,-405,120,651,-232,493,63,-282,0,0
0,110,502,-615,313,-30,-354,-450,501,-384,123,651,-232,488,63,-282,0,0
0,111,501,-618,310,-29,-361,-447,507,-379,126,652,-232,477,63,-281,0,0
0,112,505,-615,310,-29,-358,-449,499,-383,124,651,-232,479,63,-276,0,0
0,113,509,-612,315,-31,-350,-451,503,-372,121,651,-232,492,63,-276,0,0
0,114,508,-614,313,-32,-355,-451,502,-375,122,651,-232,502,63,-280,0,0
0,115,503,-616,303,-30,-357,-450,497,-387,120,651,-232,499,63,-280,0,0
0,116,500,-611,304,-24,-353,-448,507,-380,119,651,-232,495,63,-279,0,0
0,117,505,-609,314,-23,-356,-445,518,-387,121,651,-232,498,63,-282,0,0
0,118,509,-613,316,-27,-361,-445,509,-416,122,651,-232,500,63,-286,0,0
0,119,504,-613,313,-31,-356,-448,497,-420,120,651,-232,485,63,-281,-1,0
0,120,499,-610,313,-33,-352,-452,503,-393,121,651,-232,481,63,-272,-1,0
0,121,500,-611,313,-26,-355,-448,507,-382,123,651,-232,492,63,-273,-1,0
0,122,502,-614,312,-22,-356,-444,497,-399,116,651,-232,496,63,-280,-1,0
0,123,506,-614,314,-27,-357,-450,498,-411,110,651,-232,494,63,-277,-1,0
0,124,508,-613,312,-26,-359,-454,504,-409,120,651,-232,500,63,-271,-1,0
0,125,502,-614,305,-20,-358,-450,499,-407,126,651,-232,501,63,-279,-1,0
0,126,500,-613,307,-28,-356,-449,502,-406,120,651,-232,495,63,-287,-1,0
0,127,503,-611,314,-35,-358,-450,501,-405,119,651,-232,498,63,-274,-1,0
0,128,502,-612,314,-29,-359,-447,479,-414,122,651,-232,501,63,-259,-1,0
0,0,500,-616,310,-27,-350,-443,474,-415,122,651,-232,497,63,-273,0,0
0,1,505,-617,309,-30,-348,-448,500,-385,125,651,-232,495,63,-287,0,0
0,2,509,-613,313,-30,-357,-451,513,-353,126,651,-232,493,63,-279,0,0
0,3,503,-614,313,-30,-360,-446,503,-374,121,651,-232,493,63,-277,0,0
0,4,498,-616,310,-28,-358,-444,498,-410,120,651,-232,494,63,-282,0,0
0,5,499,-616,310,-27,-356,-444,502,-398,121,651,-232,498,63,-278,0,0
0,6,507,-616,312,-29,-357,-444,501,-387,118,651,-232,501,63,-278,0,0
0,7,507,-616,313,-32,-357,-447,499,-409,119,651,-232,498,63,-279,0,0
0,8,502,-611,310,-32,-358,-452,498,-401,124,651,-232,494,63,-277,0,0
0,9,501,-614,307,-31,-364,-449,499,-377,128,651,-232,494,63,-277,0,0
0,10,501,-618,307,-29,-366,-446,502,-390,127,651,-232,496,63,-280,0,0
0,11,501,-612,312,-28,-360,-448,505,-402,114,651,-232,497,63,-282,0,0
0,12,505,-612,317,-28,-354,-450,504,-386,113,651,-232,497,63,-281,0,0
0,13,508,-623,316,-30,-357,-450,497,-386,117,651,-232,498,63,-277,0,0
0,14,507,-621,315,-34,-359,-450,502,-385,101,651,-232,499,63,-279,0,0
0,15,503,-612,314,-32,-352,-449,515,-351,97,651,-232,497,63,-285,-1,0
0,16,503,-614,313,-29,-351,-449,512,-330,121,651,-232,498,63,-283,0,0
0,17,506,-616,313,-27,-355,-452,503,-361,131,651,-232,497,63,-278,-1,0
0,18,507,-612,314,-25,-350,-452,505,-407,122,651,-232,491,63,-277,0,0
0,19,501,-614,312,-30,-348,-446,504,-415,122,651,-232,493,63,-281,0,0
0,20,498,-616,310,-27,-356,-446,508,-402,124,651,-232,500,63,-283,0,0
0,21,503,-614,308,-19,-363,-451,530,-394,126,651,-232,494,63,-273,0,0
0,22,506,-615,306,-24,-360,-450,534,-390,119,651,-232,491,63,-267,-1,0
0,23,507,-617,309,-33,-357,-447,509,-374,94,651,-232,500,63,-277,0,0
0,24,507,-615,311,-30,-359,-451,501,-355,90,654,-232,494,63,-282,0,0
0,25,506,-612,310,-27,-357,-452,503,-360,113,656,-232,483,63,-274,0,0
0,26,505,-613,311,-31,-353,-444,506,-370,125,654,-232,490,63,-273,0,0
0,27,503,-615,311,-29,-352,-444,524,-363,123,651,-232,494,63,-280,0,0
0,28,502,-613,312,-26,-357,-451,531,-372,129,653,-232,485,63,-281,0,0
0,29,504,-610,315,-26,-357,-452,507,-395,120,656,-232,490,63,-278,0,0
0,30,509,-613,314,-29,-357,-448,504,-388,105,653,-232,500,63,-277,0,0
0,31,509,-623,310,-33,-359,-446,522,-370,118,652,-232,493,63,-276,0,0
0,32,502,-622,310,-31,-358,-447,519,-366,129,654,-232,492,63,-275,0,0
0,33,502,-612,313,-29,-358,-448,522,-352,104,651,-232,500,63,-277,0,0
0,34,509,-610,310,-32,-361,-451,529,-347,87,649,-232,497,63,-282,0,0
0,35,512,-616,305,-34,-360,-457,517,-359,108,650,-232,493,63,-284,0,0
0,36,507,-617,308,-33,-350,-455,511,-357,128,652,-232,498,63,-280,0,0
0,37,503,-616,311,-32,-349,-448,510,-363,118,651,-232,491,63,-277,0,0
0,38,505,-617,309,-28,-356,-450,502,-384,95,651,-232,481,63,-278,0,0
0,39,502,-613,311,-27,-357,-454,503,-389,94,651,-232,491,63,-283,0,0
0,40,499,-614,312,-31,-354,-446,510,-378,115,651,-232,502,63,-284,0,0
0,41,502,-621,310,-26,-357,-445,509,-364,126,651,-232,494,63,-277,0,0
0,42,503,-620,312,-22,-362,-453,522,-350,123,651,-232,489,63,-274,0,0
0,43,497,-613,313,-30,-357,-450,524,-357,121,651,-232,498,63,-279,-1,0
0,44,501,-612,311,-35,-354,-441,507,-380,124,651,-232,503,63,-282,0,0
0,45,509,-618,314,-31,-359,-442,503,-382,129,651,-232,497,63,-278,-1,0
0,46,503,-620,315,-28,-360,-448,506,-356,117,651,-232,497,63,-278,0,0
0,47,502,-615,310,-30,-357,-447,507,-337,103,651,-232,501,63,-282,0,0
0,48,508,-611,310,-31,-355,-445,505,-363,114,651,-232,499,63,-281,0,0
0,49,505,-615,313,-34,-356,-449,504,-380,131,651,-232,497,63,-279,0,0
0,50,500,-617,307,-34,-360,-453,517,-360,112,651,-232,497,63,-281,0,0
0,51,506,-611,307,-25,-365,-450,536,-360,95,651,-232,497,63,-281,0,0
0,52,507,-611,315,-21,-359,-445,535,-378,103,651,-232,499,63,-278,0,0
0,53,501,-616,312,-29,-353,-445,512,-378,101,651,-232,499,63,-275,0,0
0,54,509,-613,308,-33,-357,-448,499,-371,98,651,-232,499,63,-277,0,0
0,55,511,-611,315,-29,-363,-448,520,-366,119,651,-232,498,63,-280,0,0
0,56,501,-618,317,-25,-357,-449,542,-347,126,651,-232,498,63,-280,0,0
0,57,504,-621,313,-23,-349,-449,531,-337,99,651,-232,498,63,-279,0,0
0,58,511,-616,312,-26,-354,-446,526,-338,90,651,-232,499,63,-281,0,0
0,59,503,-617,310,-31,-361,-444,535,-328,113,654,-232,496,63,-279,0,0
0,60,501,-619,311,-29,-359,-445,514,-352,129,656,-232,496,63,-274,0,0
0,61,506,-614,315,-28,-354,-450,484,-392,124,654,-232,500,63,-275,0,0
0,62,503,-612,313,-31,-358,-450,502,-374,117,651,-232,497,63,-281,0,0
0,63,503,-615,308,-31,-364,-448,537,-333,123,651,-232,497,63,-281,0,0
0,64,502,-618,309,-27,-362,-447,539,-345,122,652,-232,499,63,-279,0,0
0,65,502,-617,312,-29,-356,-448,527,-373,101,651,-232,494,63,-278,0,0
0,66,509,-612,314,-31,-356,-448,527,-365,94,651,-232,493,63,-278,0,0
0,67,512,-612,310,-23,-360,-443,531,-361,113,651,-232,500,63,-276,0,0
0,68,507,-620,305,-22,-358,-446,529,-372,129,651,-232,499,63,-277,0,0
0,69,507,-621,309,-32,-351,-453,527,-365,122,651,-232,496,63,-279,0,0
0,70,502,-616,312,-34,-352,-451,528,-356,111,651,-232,500,63,-283,0,0
0,71,500,-616,312,-26,-357,-443,533,-358,117,651,-232,499,63,-282,0,0
0,72,510,-616,313,-29,-360,-446,535,-374,125,651,-232,495,63,-281,0,0
0,73,510,-613,309,-32,-365,-455,533,-375,120,651,-232,497,63,-281,0,0
0,74,503,-612,304,-28,-366,-451,535,-362,116,651,-232,499,63,-281,0,0
0,75,502,-613,311,-29,-358,-445,531,-363,123,651,-232,499,63,-281,0,0
0,76,501,-614,316,-31,-354,-445,528,-362,126,651,-232,500,63,-277,0,0
0,77,498,-614,309,-29,-358,-448,538,-349,121,651,-232,497,63,-273,0,0
0,78,502,-614,308,-28,-358,-447,539,-349,121,651,-232,496,63,-277,0,0
0,79,506,-614,314,-30,-355,-448,531,-362,124,651,-232,500,63,-283,0,0
0,80,504,-612,312,-30,-356,-450,533,-361,124,651,-232,496,63,-282,0,0
0,81,504,-612,309,-31,-355,-445,524,-367,123,651,-232,491,63,-282,0,0
0,82,504,-614,312,-29,-352,-443,511,-374,125,651,-232,499,63,-281,0,0
0,83,502,-614,315,-24,-353,-445,528,-349,113,652,-232,503,63,-280,0,0
0,84,504,-614,313,-29,-357,-448,547,-333,94,651,-232,498,63,-282,0,0
0,85,508,-615,313,-36,-358,-448,539,-345,108,651,-232,498,63,-284,0,0
0,86,503,-612,312,-31,-355,-446,527,-357,128,655,-232,501,63,-283,0,0
0,87,499,-611,312,-27,-356,-448,525,-369,117,656,-232,499,63,-281,0,0
0,88,506,-614,312,-30,-365,-451,529,-367,116,652,-232,498,63,-279,0,0
0,89,506,-613,312,-29,-364,-450,534,-348,124,650,-232,497,63,-276,0,0
0,90,499,-613,313,-27,-353,-448,532,-362,107,652,-232,491,63,-274,0,0
0,91,501,-615,312,-28,-352,-446,530,-385,94,651,-232,493,63,-274,0,0
0,92,504,-616,310,-30,-360,-445,541,-352,95,651,-232,496,63,-275,0,0
0,93,502,-613,312,-32,-359,-446,543,-324,102,651,-232,492,63,-278,0,0
0,94,503,-611,314,-30,-355,-448,530,-356,112,651,-232,494,63,-283,0,0
0,95,506,-615,314,-28,-356,-448,529,-379,103,651,-232,502,63,-280,0,0
0,96,508,-617,314,-34,-357,-447,531,-372,96,651,-232,502,63,-276,-1,0
0,97,505,-609,312,-27,-356,-447,515,-382,118,651,-232,497,63,-281,-1,0
0,98,501,-606,311,-18,-358,-449,510,-397,126,651,-232,499,63,-279,-1,0
0,99,500,-614,314,-28,-359,-451,526,-389,112,651,-232,499,63,-272,-1,0
0,100,503,-616,311,-30,-353,-447,546,-370,121,651,-232,496,63,-279,-1,0
0,101,509,-611,309,-21,-352,-444,559,-350,130,651,-232,497,63,-284,0,0
0,102,506,-612,314,-27,-359,-445,549,-355,121,651,-232,498,63,-277,-1,0
0,103,501,-614,315,-38,-361,-445,529,-375,119,651,-232,498,63,-279,0,0
0,104,503,-614,311,-35,-356,-449,535,-360,123,651,-232,500,63,-284,-1,0
0,105,505,-617,310,-31,-356,-452,542,-339,120,651,-232,494,63,-279,0,0
0,106,501,-615,312,-30,-357,-445,527,-358,115,651,-232,486,63,-276,0,0
1,107,502,-613,314,-32,-356,-438,529,-359,117,651,-232,495,63,-281,0,0
1,108,503,-616,312,-33,-360,-446,537,-345,116,651,-232,502,63,-283,0,0
1,109,495,-618,306,-32,-360,-454,523,-381,97,651,-232,491,63,-281,0,0
1,110,498,-614,308,-32,-356,-448,509,-417,96,651,-232,483,63,-281,0,0
1,111,506,-610,315,-32,-359,-442,504,-400,123,651,-232,488,63,-278,0,0
1,112,503,-612,315,-30,-361,-444,512,-379,128,651,-232,495,63,-277,0,0
1,113,500,-613,309,-30,-355,-446,531,-372,110,651,-232,498,63,-281,0,0
1,114,503,-611,311,-32,-351,-446,534,-360,117,651,-232,498,63,-283,0,0
1,115,503,-614,312,-24,-354,-448,515,-364,132,651,-232,497,63,-281,0,0
1,116,501,-620,312,-23,-353,-449,505,-382,116,651,-232,498,63,-281,0,0
1,117,502,-615,313,-26,-356,-447,510,-386,95,651,-232,499,63,-283,0,0
1,118,503,-609,312,-23,-360,-445,508,-386,108,651,-232,498,63,-280,0,0
1,119,505,-614,312,-26,-358,-443,507,-372,132,651,-232,497,63,-280,0,0
1,120,505,-613,313,-28,-355,-443,511,-359,118,651,-232,498,63,-281,0,0
1,121,505,-610,311,-25,-357,-448,507,-381,95,651,-232,500,63,-268,0,0
1,122,503,-612,314,-26,-360,-449,502,-393,108,651,-232,499,63,-264,0,0
1,123,499,-613,317,-33,-359,-446,506,-365,130,651,-232,499,63,-277,0,0
1,124,502,-611,313,-33,-356,-451,509,-362,122,651,-232,499,63,-280,0,0
1,125,506,-613,313,-29,-356,-454,504,-392,107,651,-232,497,63,-274,0,0
1,126,505,-616,312,-33,-358,-447,501,-391,116,651,-232,497,63,-278,0,0
1,127,507,-614,307,-31,-358,-443,507,-376,127,651,-232,498,63,-278,0,0
1,128,507,-614,308,-23,-358,-448,510,-382,123,651,-232,496,63,-272,0,0
1,0,503,-614,310,-22,-357,-449,510,-385,126,651,-232,496,61,-274,0,0
1,1,509,-614,307,-29,-357,-445,509,-385,117,651,-232,498,60,-278,0,0
1,2,512,-615,312,-32,-357,-448,508,-397,98,651,-232,494,60,-279,0,0
1,3,502,-614,317,-29,-357,-452,501,-396,104,651,-232,497,61,-279,0,0
1,4,503,-616,313,-28,-356,-451,501,-375,121,651,-232,494,60,-277,0,0
1,5,511,-617,310,-28,-359,-448,522,-354,116,651,-232,482,60,-280,0,0
1,6,513,-611,313,-32,-359,-448,533,-347,122,651,-232,491,62,-284,0,0
1,7,512,-609,312,-35,-356,-449,519,-360,124,651,-232,502,63,-280,0,0
1,8,505,-616,310,-30,-355,-448,506,-370,108,651,-232,492,63,-278,0,0
1,9,501,-618,311,-28,-351,-448,510,-366,112,651,-232,481,64,-280,0,0
1,10,504,-611,312,-30,-350,-447,510,-368,129,651,-232,482,64,-280,0,0
1,11,502,-614,308,-30,-358,-447,502,-387,126,652,-232,489,63,-283,0,0
1,12,498,-618,308,-29,-360,-448,511,-393,121,652,-232,499,63,-282,0,0
1,13,508,-615,311,-30,-356,-448,528,-379,126,649,-232,503,63,-276,0,0
1,14,514,-612,310,-29,-360,-448,533,-369,126,648,-232,498,63,-277,-1,0
1,15,503,-615,310,-28,-363,-450,534,-373,124,651,-232,496,63,-275,0,0
1,16,499,-618,314,-30,-354,-452,527,-382,123,655,-232,496,63,-268,-1,0
1,17,503,-617,313,-32,-353,-446,506,-387,123,656,-232,493,63,-272,0,0
1,18,504,-614,311,-32,-358,-442,510,-389,125,653,-232,495,63,-279,0,0
1,19,501,-611,314,-30,-356,-444,539,-381,122,653,-232,494,63,-278,-1,0
1,20,501,-613,311,-31,-356,-447,539,-377,120,654,-232,490,63,-276,0,0
1,21,500,-617,309,-31,-358,-450,525,-380,124,651,-232,494,63,-278,0,0
1,22,501,-617,314,-28,-353,-450,532,-364,115,649,-232,500,63,-280,0,0
1,23,505,-615,311,-30,-352,-447,534,-352,98,649,-232,495,63,-279,0,0
1,24,509,-614,307,-33,-358,-444,519,-378,92,649,-232,485,63,-279,0,0
1,25,504,-614,311,-26,-359,-448,502,-408,100,649,-232,485,63,-282,0,0
1,26,499,-614,313,-24,-355,-449,502,-399,112,649,-232,493,63,-282,0,0
1,27,508,-615,309,-30,-353,-447,530,-375,113,649,-232,494,63,-279,0,0
1,28,513,-615,313,-29,-356,-446,540,-372,119,649,-232,491,63,-282,0,0
1,29,504,-614,316,-28,-356,-445,518,-379,118,649,-232,497,63,-287,0,0
1,30,502,-611,313,-34,-351,-446,512,-378,103,649,-232,491,63,-282,0,0
1,31,506,-613,313,-31,-351,-452,519,-378,109,649,-232,475,63,-276,0,0
1,32,500,-619,314,-25,-358,-453,512,-376,125,649,-232,487,63,-277,0,0
1,33,501,-616,311,-29,-357,-449,501,-369,111,649,-232,506,63,-279,0,0
1,34,508,-609,309,-32,-353,-447,488,-379,102,649,-232,497,63,-279,0,0
1,35,505,-611,312,-30,-359,-447,488,-395,127,650,-232,494,63,-279,0,0
1,36,503,-618,311,-32,-360,-450,521,-391,130,648,-232,503,63,-278,0,0
1,37,502,-619,310,-29,-355,-450,540,-372,117,648,-232,499,63,-279,0,0
1,38,501,-615,312,-23,-354,-445,510,-362,116,654,-232,494,63,-285,0,0
1,39,506,-614,312,-27,-356,-446,497,-380,118,656,-232,498,63,-283,0,0
1,40,507,-613,312,-33,-358,-449,519,-396,122,650,-232,497,63,-280,0,0
1,41,500,-610,316,-32,-359,-451,522,-386,126,649,-232,498,63,-283,0,0
1,42,502,-615,315,-29,-354,-451,518,-381,124,652,-232,498,63,-283,0,0
1,43,508,-620,310,-32,-348,-446,525,-386,124,652,-232,493,63,-282,0,0
1,44,508,-615,310,-32,-352,-443,517,-386,125,651,-232,495,63,-282,0,0
1,45,512,-611,311,-25,-358,-448,503,-392,124,651,-232,499,63,-282,0,0
1,46,513,-614,314,-21,-358,-452,508,-389,126,651,-232,493,63,-280,0,0
1,47,511,-615,314,-29,-360,-449,509,-361,124,651,-232,493,63,-279,0,0
1,48,509,-612,309,-34,-360,-449,511,-350,121,651,-232,502,63,-279,0,0
1,49,500,-614,309,-27,-356,-453,534,-363,128,651,-232,499,63,-280,0,0
1,50,497,-619,309,-25,-356,-450,533,-361,116,651,-232,483,63,-279,0,0
1,51,504,-621,309,-31,-359,-447,506,-374,97,651,-232,481,63,-279,0,0
1,52,505,-617,311,-33,-357,-450,502,-405,108,651,-232,497,63,-282,0,0
1,53,501,-613,314,-31,-356,-452,516,-400,123,651,-232,494,63,-283,0,0
1,54,507,-613,314,-30,-356,-447,512,-382,117,651,-232,479,63,-280,0,0
1,55,512,-614,314,-30,-357,-447,497,-394,118,651,-232,490,63,-280,0,0
1,56,508,-611,307,-32,-360,-448,504,-391,125,651,-232,504,63,-280,0,0
1,57,503,-614,300,-29,-356,-447,524,-361,120,651,-232,489,63,-278,0,0
1,58,504,-621,305,-25,-347,-447,523,-360,123,651,-232,483,63,-276,0,0
1,59,504,-619,308,-29,-350,-448,511,-371,116,651,-232,495,63,-279,0,0
1,60,502,-614,310,-28,-355,-448,510,-365,101,651,-232,489,63,-284,0,0
1,61,505,-615,312,-19,-351,-450,504,-367,113,651,-232,486,63,-279,0,0
1,62,504,-616,307,-22,-352,-451,507,-374,128,650,-232,497,63,-271,0,0
1,63,500,-612,305,-32,-358,-448,532,-379,124,652,-232,497,63,-275,0,0
1,64,502,-611,313,-32,-358,-445,542,-385,122,654,-232,491,63,-282,0,0
1,65,504,-615,318,-29,-358,-445,532,-386,127,653,-232,496,63,-280,-1,0
1,66,504,-615,314,-35,-359,-445,528,-380,125,653,-232,500,63,-278,-1,0
1,67,503,-614,310,-34,-356,-443,522,-378,122,653,-232,497,63,-282,-1,0
1,68,503,-612,309,-24,-357,-446,504,-388,121,650,-232,500,62,-283,-1,0
1,69,502,-612,311,-23,-360,-449,501,-392,126,649,-232,499,61,-280,-1,0
1,70,505,-615,311,-29,-355,-445,523,-378,120,651,-232,487,61,-278,0,0
1,71,505,-615,310,-34,-347,-443,537,-364,105,652,-233,485,61,-279,-1,0
1,72,498,-613,315,-34,-351,-445,537,-366,110,651,-231,493,61,-280,0,0
1,73,497,-614,317,-26,-358,-447,537,-367,127,651,-230,498,63,-279,-1,0
1,74,504,-615,310,-20,-361,-449,540,-360,126,651,-231,500,64,-279,0,0
1,75,503,-614,308,-28,-362,-449,532,-359,121,651,-230,499,63,-284,0,0
1,76,499,-615,312,-37,-355,-446,528,-357,126,651,-229,497,63,-281,0,0
1,77,501,-617,314,-31,-350,-447,538,-348,125,651,-230,497,63,-269,0,0
1,78,507,-616,311,-25,-356,-448,542,-354,119,651,-231,497,63,-274,0,0
1,79,507,-612,309,-29,-364,-443,531,-384,126,651,-230,497,63,-285,0,0
1,80,503,-610,311,-31,-365,-442,511,-409,125,651,-232,497,63,-280,0,0
1,81,500,-613,313,-27,-358,-443,497,-403,103,651,-233,498,63,-274,0,0
1,82,507,-615,311,-28,-353,-446,492,-389,100,651,-232,498,62,-279,0,0
1,83,509,-611,308,-31,-354,-450,504,-382,130,651,-232,498,61,-279,0,0
1,84,501,-612,310,-25,-351,-451,527,-370,130,651,-232,502,61,-275,0,0
1,85,499,-615,313,-23,-349,-444,533,-349,98,651,-232,501,62,-279,0,0
1,86,503,-615,311,-32,-357,-443,514,-349,94,651,-232,489,62,-279,0,0
1,87,505,-614,308,-34,-360,-448,507,-375,104,651,-232,489,61,-278,0,0
1,88,501,-616,307,-30,-355,-448,527,-384,100,651,-232,499,61,-281,0,0
1,89,499,-613,312,-30,-356,-441,541,-352,98,651,-232,497,61,-279,0,0
1,90,505,-610,314,-30,-359,-438,534,-330,102,651,-232,492,61,-277,0,0
1,91,509,-617,310,-30,-352,-441,531,-364,95,651,-232,497,61,-277,0,0
1,92,503,-622,313,-32,-352,-443,529,-393,97,651,-232,500,61,-279,0,0
1,93,498,-613,315,-32,-356,-445,513,-387,116,651,-232,498,61,-282,0,0
1,94,500,-611,313,-33,-354,-450,497,-388,116,651,-232,497,61,-285,0,0
1,95,503,-617,313,-30,-354,-449,504,-382,108,651,-232,498,61,-282,0,0
1,96,504,-616,313,-29,-356,-446,520,-364,117,651,-232,497,61,-280,0,0
1,97,502,-612,309,-31,-360,-446,513,-378,126,651,-232,499,61,-280,0,0
1,98,501,-614,311,-31,-364,-445,503,-391,121,651,-232,501,61,-277,0,0
1,99,503,-616,313,-28,-358,-444,510,-361,121,651,-232,494,61,-278,0,0
1,100,505,-614,310,-30,-351,-449,514,-341,125,651,-232,488,61,-279,0,0
1,101,502,-610,310,-28,-353,-450,507,-365,121,651,-232,494,61,-278,0,0
1,102,499,-612,309,-22,-355,-448,506,-386,122,651,-232,499,61,-280,0,0
1,103,505,-613,307,-26,-354,-451,507,-381,127,652,-232,498,61,-282,0,0
1,104,509,-613,310,-36,-360,-446,502,-387,122,650,-232,497,61,-281,0,0
1,105,504,-614,311,-36,-359,-435,504,-411,116,652,-232,491,61,-278,0,0
1,106,501,-613,313,-28,-355,-441,505,-404,124,654,-232,486,61,-277,0,0
2,107,507,-612,313,-28,-355,-450,508,-381,120,652,-232,486,61,-278,0,0
2,108,505,-613,305,-32,-356,-442,525,-383,107,649,-232,488,61,-278,0,0
2,109,496,-612,303,-33,-359,-438,531,-381,115,651,-232,497,61,-280,0,0
2,110,503,-609,311,-33,-362,-453,514,-370,126,652,-232,503,61,-281,0,0
2,111,510,-611,313,-31,-361,-456,498,-380,119,651,-232,499,61,-281,0,0
2,112,505,-616,312,-31,-356,-445,504,-387,115,651,-232,500,61,-277,0,0
2,113,500,-616,315,-32,-353,-443,521,-380,120,651,-232,504,61,-278,0,0
2,114,506,-612,314,-25,-357,-445,535,-380,123,651,-232,503,61,-279,0,0
2,115,510,-613,307,-20,-361,-445,528,-383,127,651,-232,501,61,-272,0,0
2,116,511,-614,306,-28,-358,-448,503,-386,125,651,-232,503,61,-269,0,0
2,117,511,-612,312,-33,-354,-447,509,-385,122,651,-232,501,61,-278,0,0
2,118,505,-613,313,-27,-355,-446,533,-362,126,651,-232,494,61,-284,0,0
2,119,504,-611,310,-28,-359,-449,523,-351,122,651,-232,485,61,-282,-1,0
2,120,504,-605,311,-31,-359,-450,501,-382,115,651,-232,481,61,-280,0,0
2,121,502,-611,311,-29,-358,-448,506,-403,120,651,-232,486,61,-281,-1,0
2,122,501,-621,309,-31,-359,-446,511,-382,124,651,-232,497,61,-277,0,0
2,123,503,-616,311,-32,-358,-449,500,-366,121,651,-232,499,61,-273,0,0
2,124,509,-616,312,-33,-355,-448,516,-360,120,651,-232,494,61,-270,0,0
2,125,509,-620,311,-34,-353,-444,539,-353,115,652,-232,496,61,-272,0,0
2,126,503,-616,309,-33,-355,-448,528,-359,111,651,-232,500,61,-275,0,0
2,127,500,-616,306,-29,-359,-453,504,-388,120,651,-232,495,61,-279,0,0
2,128,503,-619,310,-28,-357,-447,496,-418,125,654,-232,498,61,-283,0,0
2,0,509,-615,313,-30,-356,-440,499,-416,116,655,-232,501,61,-283,0,0
2,1,513,-611,312,-30,-360,-440,504,-403,121,650,-232,491,61,-282,0,0
2,2,507,-615,311,-30,-360,-445,504,-403,131,649,-232,486,61,-282,0,0
2,3,498,-615,311,-28,-357,-448,501,-366,116,651,-232,499,61,-279,0,0
2,4,505,-615,313,-26,-357,-446,515,-288,95,651,-232,499,61,-280,0,0
2,5,512,-618,314,-31,-355,-442,539,-252,95,652,-232,485,61,-286,0,0
2,6,502,-618,311,-34,-351,-445,532,-271,103,654,-232,484,61,-285,0,0
2,7,500,-616,310,-30,-354,-447,503,-275,98,654,-232,491,61,-279,0,0
2,8,508,-611,311,-29,-359,-447,504,-265,95,653,-232,485,61,-279,0,0
2,9,504,-611,312,-32,-357,-446,505,-281,100,651,-232,481,61,-282,0,0
2,10,497,-616,314,-31,-357,-443,485,-305,100,650,-232,493,61,-278,0,0
2,11,501,-617,313,-31,-360,-442,486,-298,100,650,-232,492,61,-276,0,0
2,12,505,-615,310,-32,-356,-446,509,-278,100,651,-232,481,61,-281,0,0
2,13,504,-612,311,-29,-353,-450,525,-276,100,653,-232,488,61,-284,0,0
2,14,504,-611,311,-25,-361,-449,523,-282,99,655,-232,505,61,-282,0,0
2,15,503,-613,308,-26,-362,-445,509,-283,102,653,-232,502,61,-278,0,0
2,16,504,-618,311,-30,-352,-445,500,-285,100,651,-232,489,61,-282,-1,0
2,17,505,-615,316,-32,-351,-441,505,-289,96,652,-232,492,61,-283,-1,0
2,18,501,-609,313,-27,-357,-438,506,-289,112,652,-232,500,61,-278,-1,0
2,19,502,-610,306,-21,-359,-445,503,-284,120,651,-232,499,61,-278,-1,0
2,20,507,-612,307,-26,-358,-449,507,-272,102,651,-232,497,61,-281,0,0
2,21,503,-614,314,-29,-355,-447,499,-276,92,651,-232,495,61,-281,-1,0
2,22,501,-616,310,-24,-353,-447,497,-281,100,651,-232,494,61,-280,0,0
2,23,506,-615,304,-28,-353,-448,506,-254,99,652,-232,497,61,-279,-1,0
2,24,506,-614,312,-36,-352,-443,510,-239,95,651,-232,486,61,-279,0,0
2,25,501,-614,317,-29,-351,-440,507,-284,98,652,-232,476,61,-283,0,0
2,26,504,-614,311,-25,-357,-447,505,-316,99,653,-232,492,61,-281,0,0
2,27,506,-613,308,-32,-362,-450,508,-293,99,655,-232,498,61,-276,0,0
2,28,508,-616,310,-30,-360,-446,505,-295,99,656,-232,490,61,-280,0,0
2,29,511,-614,310,-28,-356,-446,497,-318,99,652,-232,492,61,-283,0,0
2,30,506,-612,310,-31,-356,-449,501,-296,99,649,-232,495,61,-281,0,0
2,31,508,-617,310,-30,-361,-446,507,-270,99,650,-232,490,61,-279,0,0
2,32,514,-621,312,-27,-358,-443,507,-270,99,652,-232,494,61,-280,0,0
2,33,505,-615,315,-28,-354,-443,506,-276,99,651,-232,499,61,-279,0,0
2,34,496,-614,313,-30,-357,-446,505,-286,99,651,-232,492,60,-278,0,0
2,35,506,-617,311,-31,-359,-447,515,-281,99,651,-232,492,60,-279,0,0
2,36,509,-612,312,-26,-352,-445,530,-259,99,651,-232,496,60,-282,0,0
2,37,503,-612,309,-22,-351,-447,523,-262,99,651,-232,489,60,-283,0,0
2,38,505,-616,307,-27,-357,-452,503,-297,99,651,-232,484,60,-278,0,0
2,39,502,-612,309,-32,-355,-447,503,-319,99,651,-232,493,60,-278,0,0
2,40,501,-608,312,-28,-351,-442,509,-302,99,651,-232,497,59,-280,0,0
2,41,507,-613,309,-28,-353,-445,505,-284,99,651,-232,492,59,-278,0,0
2,42,504,-619,307,-34,-359,-443,502,-305,99,651,-232,493,59,-276,0,0
2,43,503,-618,312,-32,-365,-441,503,-320,99,651,-232,499,59,-281,0,0
2,44,510,-612,315,-30,-364,-445,506,-299,99,651,-232,492,59,-282,0,0
2,45,507,-610,312,-32,-359,-446,509,-284,99,651,-232,486,58,-278,0,0
2,46,500,-614,311,-33,-356,-444,508,-281,99,651,-232,494,60,-281,0,0
2,47,501,-615,311,-29,-353,-446,506,-280,99,651,-232,491,63,-285,0,0
2,48,503,-613,306,-30,-352,-448,508,-284,99,651,-232,486,61,-280,0,0
2,49,503,-616,306,-33,-358,-447,507,-291,99,651,-232,492,59,-281,0,0
2,50,503,-615,314,-33,-360,-450,499,-313,99,651,-232,491,60,-283,0,0
2,51,503,-611,314,-31,-361,-449,498,-324,99,651,-232,485,59,-279,0,0
2,52,503,-611,311,-30,-363,-447,505,-297,98,651,-232,487,59,-280,0,0
2,53,505,-615,314,-28,-355,-448,504,-289,101,651,-232,488,61,-281,0,0
2,54,509,-613,315,-27,-350,-446,505,-306,99,651,-232,491,61,-278,0,0
2,55,507,-610,313,-27,-359,-445,512,-297,95,651,-232,489,61,-280,0,0
2,56,502,-611,314,-28,-367,-446,510,-289,109,651,-232,484,61,-281,0,0
2,57,509,-615,314,-32,-362,-444,505,-300,119,651,-232,488,61,-277,0,0
2,58,515,-617,313,-34,-354,-444,502,-293,102,651,-232,491,61,-279,0,0
2,59,507,-615,314,-31,-356,-444,500,-287,90,651,-232,490,61,-283,0,0
2,60,503,-614,311,-30,-361,-441,508,-287,97,651,-232,490,61,-281,0,0
2,61,504,-613,308,-31,-360,-443,514,-275,99,651,-232,485,61,-279,0,0
2,62,502,-615,311,-31,-355,-450,506,-267,95,651,-232,487,61,-279,0,0
2,63,507,-616,315,-30,-354,-446,501,-273,96,651,-232,504,61,-277,0,0
2,64,509,-617,312,-30,-355,-439,509,-278,96,651,-232,500,61,-277,0,0
2,65,503,-614,310,-31,-357,-443,512,-277,98,651,-232,478,61,-276,0,0
2,66,506,-612,311,-32,-358,-447,502,-285,100,651,-232,482,61,-274,0,0
2,67,509,-617,310,-29,-360,-448,498,-294,97,651,-232,495,61,-278,0,0
2,68,506,-620,307,-28,-357,-450,504,-299,97,651,-232,485,61,-284,0,0
2,69,505,-611,310,-29,-354,-451,511,-296,98,654,-232,479,61,-282,0,0
2,70,505,-606,315,-31,-357,-449,507,-295,97,655,-232,496,61,-279,0,0
2,71,504,-614,310,-29,-359,-447,501,-303,97,653,-232,500,61,-279,0,0
2,72,506,-616,308,-29,-357,-444,512,-301,97,651,-232,484,61,-279,0,0
2,73,505,-611,312,-34,-357,-442,518,-294,97,651,-232,483,61,-278,0,0
2,74,506,-615,312,-33,-358,-445,507,-291,97,651,-232,492,61,-278,0,0
2,75,507,-618,310,-28,-357,-447,513,-288,97,651,-232,493,61,-275,0,0
2,76,501,-612,313,-29,-358,-446,541,-284,97,651,-232,490,62,-276,0,0
2,77,500,-615,312,-31,-357,-446,537,-290,97,651,-232,487,60,-279,0,0
2,78,504,-621,310,-30,-355,-450,504,-300,97,651,-232,493,59,-281,0,0
2,79,504,-617,313,-30,-356,-452,503,-293,97,651,-232,500,61,-280,0,0
2,80,502,-613,309,-27,-357,-450,520,-283,97,650,-232,493,60,-279,0,0
2,81,502,-615,307,-24,-358,-446,511,-296,97,653,-232,483,59,-281,0,0
2,82,507,-619,311,-29,-358,-443,500,-319,97,655,-232,488,63,-281,0,0
2,83,505,-620,312,-32,-359,-440,504,-315,97,652,-232,496,64,-279,-1,0
2,84,498,-616,312,-28,-358,-443,503,-298,97,649,-232,495,61,-277,-1,0
2,85,498,-616,313,-26,-352,-447,501,-303,97,651,-232,489,62,-278,-1,0
2,86,503,-620,312,-32,-351,-447,513,-309,97,652,-232,482,64,-279,-1,0
2,87,504,-617,312,-32,-355,-450,513,-307,97,651,-232,486,63,-279,-1,0
2,88,506,-609,312,-25,-357,-451,502,-309,97,652,-232,500,63,-282,-1,0
2,89,508,-609,311,-26,-360,-444,503,-308,97,650,-232,494,63,-282,-1,0
2,90,504,-618,314,-32,-362,-443,509,-305,97,648,-232,477,63,-281,0,0
2,91,505,-620,312,-30,-358,-449,506,-300,97,650,-232,487,63,-281,-1,0
2,92,506,-616,309,-28,-354,-451,505,-292,97,652,-232,501,64,-281,0,0
2,93,505,-617,313,-31,-356,-445,520,-287,97,650,-232,488,61,-278,0,0
2,94,509,-619,314,-31,-355,-443,530,-289,97,650,-232,477,60,-279,0,0
2,95,508,-612,310,-27,-356,-444,515,-304,97,657,-233,489,63,-283,0,0
2,96,504,-608,308,-22,-356,-447,499,-321,97,653,-230,496,62,-282,0,0
2,97,506,-614,308,-25,-355,-447,501,-323,97,636,-227,493,58,-281,0,0
2,98,506,-620,309,-32,-358,-442,507,-323,97,630,-229,488,60,-282,0,0
2,99,504,-621,312,-32,-358,-443,501,-321,97,637,-232,484,62,-283,0,0
2,100,511,-616,312,-30,-351,-447,489,-309,97,633,-229,491,61,-281,0,0
2,101,510,-614,313,-30,-350,-452,484,-307,97,633,-228,492,61,-280,0,0
2,102,497,-616,313,-30,-354,-454,486,-323,97,650,-229,486,61,-280,0,0
2,103,502,-613,313,-30,-352,-451,483,-336,97,656,-229,487,61,-279,0,0
2,104,506,-611,314,-30,-352,-453,494,-320,97,651,-229,489,61,-278,0,0
2,105,506,-614,312,-29,-359,-453,511,-291,97,653,-229,486,61,-277,0,0
2,106,509,-611,311,-27,-360,-442,508,-294,97,654,-230,499,61,-280,0,0
3,107,505,-610,313,-28,-356,-440,513,-309,97,649,-231,506,62,-285,0,0
3,108,504,-614,314,-32,-353,-447,530,-309,97,650,-231,488,61,-281,0,0
3,109,509,-614,314,-32,-355,-450,513,-313,97,652,-230,484,59,-277,0,0
3,110,506,-613,311,-29,-357,-447,500,-312,97,651,-230,494,61,-282,0,0
3,111,500,-616,310,-29,-353,-445,519,-301,97,651,-231,487,63,-283,0,0
3,112,502,-619,313,-31,-353,-446,523,-301,97,651,-230,480,61,-280,0,0
3,113,506,-617,312,-29,-359,-450,518,-302,97,654,-231,490,61,-278,0,0
3,114,509,-613,310,-24,-362,-449,533,-291,97,653,-230,494,63,-277,0,0
3,115,509,-610,314,-27,-357,-447,532,-290,97,650,-230,488,64,-280,0,0
3,116,502,-613,314,-33,-354,-448,507,-300,97,649,-231,498,64,-279,0,0
3,117,499,-618,309,-32,-355,-449,497,-311,97,650,-230,498,64,-278,0,0
3,118,502,-614,311,-29,-357,-452,502,-324,97,650,-227,482,63,-280,0,0
3,119,507,-611,311,-30,-360,-451,503,-325,97,649,-229,484,63,-282,0,0
3,120,505,-616,303,-33,-357,-449,503,-328,97,651,-232,499,63,-282,0,0
3,121,500,-616,307,-30,-355,-450,505,-326,97,654,-230,492,63,-283,0,0
3,122,505,-613,314,-29,-357,-451,506,-312,97,651,-228,482,63,-280,0,0
3,123,508,-614,312,-30,-358,-444,503,-313,97,648,-229,487,63,-276,0,0
3,124,504,-611,310,-31,-354,-440,504,-322,97,649,-229,497,63,-280,0,0
3,125,503,-610,314,-31,-355,-445,506,-321,97,649,-229,497,63,-284,0,0
3,126,503,-615,314,-31,-361,-450,500,-319,97,649,-229,493,63,-282,0,0
3,127,505,-612,312,-27,-360,-447,500,-326,97,649,-229,491,63,-280,0,0
3,128,507,-610,311,-27,-353,-442,508,-327,97,649,-231,490,63,-285,0,0
3,0,505,-613,312,-31,-354,-444,494,-333,97,649,-232,498,62,-285,0,0
3,1,498,-615,314,-30,-359,-451,475,-353,97,649,-232,498,61,-279,0,0
3,2,503,-620,313,-28,-352,-447,493,-352,97,649,-232,494,61,-278,0,0
3,3,510,-619,312,-33,-351,-440,513,-341,97,649,-232,499,60,-275,0,0
3,4,509,-612,315,-31,-363,-447,503,-335,97,649,-232,498,61,-274,0,0
3,5,507,-609,314,-22,-360,-453,505,-326,97,649,-232,498,63,-281,0,0
3,6,509,-613,307,-26,-350,-448,524,-320,97,649,-232,500,63,-284,0,0
3,7,508,-614,308,-30,-357,-449,523,-320,97,649,-232,497,62,-279,0,0
3,8,504,-611,314,-24,-362,-452,508,-325,97,649,-232,497,62,-278,-1,0
3,9,504,-613,309,-27,-355,-447,501,-338,97,649,-232,503,63,-284,0,0
3,10,506,-614,305,-33,-352,-444,499,-348,97,649,-232,492,63,-282,0,0
3,11,508,-613,314,-32,-351,-446,500,-339,97,649,-232,482,63,-273,0,0
3,12,507,-614,319,-26,-354,-450,505,-320,97,649,-232,492,63,-271,0,0
3,13,503,-611,314,-22,-362,-451,508,-300,97,649,-232,496,63,-280,0,0
3,14,500,-611,313,-27,-360,-446,509,-291,97,649,-232,494,63,-286,0,0
3,15,500,-618,316,-34,-355,-440,508,-309,97,649,-232,492,63,-283,0,0
3,16,503,-618,315,-33,-360,-442,506,-331,97,649,-232,494,63,-281,0,0
3,17,505,-610,311,-23,-358,-445,507,-343,97,649,-232,495,63,-284,0,0
3,18,502,-614,308,-21,-350,-445,505,-354,97,648,-232,484,63,-283,0,0
3,19,500,-622,307,-28,-350,-444,502,-353,96,652,-232,484,63,-282,0,0
3,20,506,-616,310,-33,-355,-443,503,-336,99,657,-232,493,63,-284,0,0
3,21,508,-613,310,-28,-356,-444,508,-319,97,654,-232,485,63,-282,0,0
3,22,505,-613,303,-25,-354,-448,506,-323,93,653,-232,484,63,-273,0,0
3,23,504,-613,306,-32,-358,-447,501,-336,108,654,-232,494,63,-270,0,0
3,24,506,-614,314,-34,-362,-441,505,-326,117,653,-232,486,63,-275,0,0
3,25,506,-616,312,-27,-358,-445,507,-323,100,651,-232,481,63,-277,0,0
3,26,505,-615,307,-22,-359,-452,503,-330,92,652,-232,493,63,-276,0,0
3,27,503,-613,311,-25,-365,-444,504,-313,101,652,-232,493,63,-280,0,0
3,28,501,-614,313,-32,-364,-440,511,-316,101,651,-232,494,63,-277,0,0
3,29,499,-616,305,-33,-357,-447,510,-354,95,651,-232,496,63,-277,0,0
3,30,505,-619,306,-23,-354,-444,500,-361,99,651,-232,482,63,-282,0,0
3,31,512,-617,310,-17,-361,-438,501,-329,100,651,-232,483,63,-277,-1,0
3,32,507,-616,309,-28,-365,-446,508,-325,100,651,-232,498,63,-276,0,0
3,33,499,-616,308,-37,-359,-452,509,-346,100,651,-232,493,62,-281,-1,0
3,34,504,-611,312,-30,-353,-443,508,-341,100,651,-232,485,61,-282,0,0
3,35,507,-612,314,-20,-355,-442,509,-329,100,651,-232,488,60,-276,-1,0
3,36,501,-614,313,-21,-355,-449,509,-340,100,651,-232,485,60,-277,-1,0
3,37,501,-614,313,-26,-353,-447,509,-345,100,651,-232,484,63,-280,0,0
3,38,503,-614,312,-30,-353,-442,510,-326,100,651,-232,491,64,-281,-1,0
3,39,502,-613,310,-30,-356,-447,507,-321,100,651,-232,495,63,-280,0,0
3,40,504,-613,309,-30,-358,-450,502,-344,100,651,-232,495,62,-279,0,0
3,41,506,-616,312,-33,-354,-445,499,-352,100,651,-232,487,63,-281,0,0
3,42,502,-615,313,-33,-351,-447,501,-336,100,651,-232,480,63,-281,0,0
3,43,502,-612,311,-33,-351,-453,506,-319,100,651,-232,487,63,-282,0,0
3,44,505,-614,311,-33,-352,-446,503,-327,100,651,-232,492,63,-283,0,0
3,45,504,-613,313,-28,-354,-440,503,-351,100,651,-232,488,63,-280,0,0
3,46,505,-612,311,-24,-355,-448,509,-359,100,651,-232,493,62,-279,0,0
3,47,505,-616,308,-28,-352,-452,503,-359,100,651,-232,496,61,-278,0,0
3,48,504,-614,310,-27,-356,-444,496,-356,100,651,-232,493,61,-277,0,0
3,49,505,-611,315,-20,-362,-442,504,-350,100,651,-232,495,61,-281,0,0
3,50,504,-613,314,-26,-357,-445,511,-349,100,651,-232,495,61,-282,0,0
3,51,500,-615,309,-35,-354,-446,505,-343,100,651,-232,497,61,-281,0,0
3,52,504,-614,310,-30,-357,-444,498,-334,100,651,-232,495,61,-282,0,0
3,53,507,-613,315,-28,-352,-442,502,-337,100,651,-232,484,61,-282,0,0
3,54,502,-613,311,-33,-350,-444,501,-352,100,651,-232,485,61,-279,0,0
3,55,499,-613,303,-30,-360,-447,481,-354,100,651,-232,490,61,-284,0,0
3,56,503,-616,308,-29,-363,-444,478,-329,100,651,-232,485,61,-287,0,0
3,57,505,-614,316,-33,-358,-444,499,-310,100,651,-232,483,61,-276,0,0
3,58,505,-610,312,-32,-358,-445,510,-318,100,651,-232,492,61,-273,-1,0
3,59,504,-615,307,-26,-358,-444,505,-335,100,651,-232,498,61,-283,0,0
3,60,498,-619,313,-24,-353,-443,497,-350,100,651,-232,498,61,-283,0,0
3,61,495,-613,315,-29,-352,-443,493,-361,100,651,-232,493,61,-279,0,0
3,62,503,-609,310,-31,-354,-438,502,-362,100,651,-232,494,61,-283,0,0
3,63,509,-614,313,-27,-356,-439,509,-354,100,651,-232,500,61,-284,0,0
3,64,503,-616,314,-27,-358,-443,503,-340,100,651,-232,489,61,-281,0,0
3,65,502,-612,313,-32,-355,-444,507,-329,100,651,-232,483,61,-282,0,0
3,66,511,-614,313,-31,-357,-445,502,-340,100,651,-232,492,61,-281,0,0
3,67,514,-618,313,-28,-363,-447,478,-361,100,651,-232,492,61,-280,0,0
3,68,502,-615,310,-28,-358,-446,473,-358,100,651,-232,486,61,-281,0,0
3,69,498,-608,310,-29,-352,-445,487,-343,100,651,-232,497,61,-280,0,0
3,70,508,-610,314,-28,-357,-443,496,-352,100,651,-232,506,61,-278,0,0
3,71,511,-618,315,-30,-363,-442,497,-362,100,652,-232,492,61,-279,0,0
3,72,503,-621,314,-32,-360,-449,503,-325,100,651,-232,487,61,-282,0,0
3,73,501,-615,313,-29,-357,-452,509,-295,100,652,-232,496,61,-282,0,0
3,74,501,-611,314,-26,-358,-445,504,-334,100,654,-232,494,61,-281,0,0
3,75,498,-616,314,-27,-356,-444,497,-379,100,654,-232,486,61,-283,0,0
3,76,505,-617,310,-31,-355,-446,500,-364,100,653,-232,488,61,-282,0,0
3,77,509,-613,312,-33,-359,-442,507,-340,100,653,-232,499,61,-278,0,0
3,78,504,-613,315,-30,-362,-441,505,-332,100,653,-232,504,61,-278,0,0
3,79,503,-614,311,-29,-355,-445,510,-323,100,654,-232,492,61,-278,0,0
3,80,509,-613,309,-31,-351,-441,515,-330,100,652,-232,481,61,-279,-1,0
3,81,510,-614,311,-30,-356,-441,509,-348,100,649,-232,487,61,-279,0,0
3,82,508,-613,308,-30,-355,-450,501,-358,100,650,-232,491,61,-278,0,0
3,83,506,-612,306,-30,-353,-452,498,-355,100,652,-232,481,61,-280,0,0
3,84,500,-616,311,-29,-354,-443,498,-344,100,651,-232,490,61,-284,0,0
3,85,501,-618,311,-30,-356,-440,498,-345,100,651,-232,506,60,-282,0,0
3,86,504,-615,309,-31,-358,-446,498,-357,100,651,-232,497,58,-281,0,0
3,87,500,-613,312,-28,-360,-444,493,-360,100,651,-232,486,57,-284,0,0
3,88,498,-613,314,-28,-357,-440,477,-370,100,651,-232,493,60,-283,0,0
3,89,501,-613,313,-33,-356,-443,470,-386,100,651,-232,497,64,-283,0,0
3,90,502,-613,311,-32,-358,-442,491,-374,100,651,-232,498,64,-282,0,0
3,91,503,-615,308,-28,-358,-441,507,-352,100,651,-232,501,63,-281,0,0
3,92,504,-615,309,-31,-360,-448,501,-351,100,651,-232,492,63,-281,0,0
3,93,505,-616,313,-33,-359,-450,504,-355,100,651,-232,483,62,-281,0,0
3,94,506,-616,313,-28,-355,-442,510,-355,100,651,-232,491,61,-281,0,0
3,95,504,-613,312,-30,-353,-440,499,-343,100,651,-232,498,61,-282,0,0
3,96,501,-614,310,-30,-356,-443,494,-330,100,651,-232,491,61,-282,0,0
3,97,501,-615,308,-20,-359,-445,504,-343,100,651,-232,486,61,-278,0,0
3,98,502,-613,311,-20,-357,-449,504,-362,100,651,-232,493,61,-281,0,0
3,99,504,-612,318,-32,-350,-448,491,-358,100,651,-232,498,62,-283,-1,0
3,100,506,-612,313,-32,-351,-444,491,-348,100,651,-232,485,63,-277,0,0
3,101,505,-613,306,-28,-357,-443,495,-354,100,651,-232,480,63,-279,-1,0
3,102,505,-614,309,-31,-354,-443,490,-370,100,651,-232,491,63,-285,0,0
3,103,509,-614,310,-34,-351,-439,491,-361,100,651,-232,492,63,-284,-1,0
3,104,506,-611,306,-29,-353,-441,502,-329,100,651,-232,488,63,-279,-1,0
3,105,503,-612,309,-23,-357,-448,507,-329,100,651,-232,499,63,-280,0,0
3,106,503,-613,309,-26,-365,-450,502,-353,100,651,-232,505,63,-279,-1,0
4,107,502,-608,309,-26,-363,-448,501,-353,100,651,-232,490,63,-280,0,0
4,108,502,-610,315,-21,-354,-444,497,-350,100,651,-232,481,63,-279,0,0
4,109,504,-615,315,-26,-354,-441,488,-384,100,651,-232,491,63,-278,0,0
4,110,504,-613,310,-33,-363,-444,470,-417,100,651,-232,499,63,-280,0,0
4,111,502,-612,311,-31,-364,-445,469,-401,100,651,-232,494,63,-281,0,0
4,112,501,-614,312,-23,-361,-440,491,-368,100,651,-232,491,63,-280,0,0
4,113,505,-614,308,-23,-362,-445,503,-356,100,651,-232,501,63,-279,0,0
4,114,505,-611,308,-28,-356,-451,495,-351,100,651,-232,501,63,-280,0,0
4,115,498,-610,311,-28,-349,-447,482,-353,100,651,-232,485,63,-281,0,0
4,116,501,-612,313,-24,-356,-445,480,-360,100,651,-232,476,63,-281,0,0
4,117,506,-614,314,-30,-367,-448,473,-357,100,651,-232,489,63,-278,0,0
4,118,503,-615,310,-35,-361,-444,469,-352,100,651,-232,502,63,-277,0,0
4,119,502,-612,308,-30,-351,-441,493,-353,100,651,-232,501,63,-284,0,0
4,120,503,-613,311,-28,-357,-447,513,-355,100,651,-232,491,63,-284,0,0
4,121,502,-614,309,-33,-362,-449,484,-371,100,651,-232,483,63,-281,0,0
4,122,503,-614,305,-29,-355,-443,467,-383,100,651,-232,487,63,-282,0,0
4,123,504,-612,308,-20,-349,-444,492,-370,100,652,-232,483,63,-282,0,0
4,124,502,-615,315,-24,-353,-448,483,-368,100,651,-232,482,63,-280,0,0
4,125,502,-620,314,-31,-359,-447,463,-367,100,649,-232,489,63,-281,0,0
4,126,505,-618,313,-30,-362,-442,492,-346,100,650,-232,486,63,-282,0,0
4,127,506,-616,312,-29,-364,-439,517,-338,100,652,-232,482,63,-279,0,0
4,128,503,-618,309,-24,-358,-445,504,-357,100,651,-232,486,63,-282,-1,0
4,0,502,-615,310,-22,-352,-449,496,-373,100,650,-232,489,63,-283,0,0
4,1,505,-613,313,-31,-358,-447,498,-371,100,655,-232,484,63,-280,0,0
4,2,506,-615,314,-32,-361,-443,490,-376,100,656,-232,488,63,-283,0,0
4,3,506,-614,312,-26,-356,-443,481,-397,101,653,-232,496,63,-282,0,0
4,4,505,-610,310,-32,-358,-447,471,-402,100,651,-232,493,63,-279,0,0
4,5,498,-613,310,-38,-357,-450,472,-377,97,653,-232,486,63,-282,0,0
4,6,501,-616,311,-26,-352,-445,493,-361,97,651,-232,487,63,-284,0,0
4,7,508,-616,311,-16,-355,-439,510,-372,97,651,-232,487,63,-276,0,0
4,8,505,-614,311,-26,-359,-444,497,-381,97,654,-232,480,63,-276,0,0
4,9,502,-612,312,-37,-353,-449,475,-385,97,645,-232,479,63,-284,0,0
4,10,501,-613,309,-34,-350,-446,467,-386,97,631,-232,489,63,-278,0,0
4,11,504,-616,308,-23,-355,-445,473,-379,97,634,-232,491,63,-276,0,0
4,12,507,-615,309,-20,-354,-447,483,-370,97,638,-232,494,63,-283,0,0
4,13,506,-613,310,-26,-354,-448,477,-376,97,631,-232,500,63,-283,0,0
4,14,506,-614,312,-29,-359,-446,468,-374,97,636,-232,493,63,-280,0,0
4,15,509,-616,315,-31,-360,-446,475,-354,97,654,-232,479,63,-284,0,0
4,16,507,-615,313,-28,-358,-444,481,-356,97,657,-232,488,63,-282,0,0
4,17,500,-613,312,-25,-355,-442,476,-379,97,650,-232,496,63,-277,0,0
4,18,502,-615,312,-26,-354,-445,472,-381,97,650,-232,482,63,-283,0,0
4,19,507,-616,310,-27,-358,-445,475,-378,97,651,-232,486,63,-282,0,0
4,20,503,-613,308,-23,-360,-444,474,-402,97,649,-232,500,63,-278,0,0
4,21,499,-612,309,-28,-355,-447,471,-412,97,649,-232,489,63,-282,-1,0
4,22,504,-615,312,-36,-357,-446,464,-395,97,649,-232,479,63,-283,-1,0
4,23,506,-615,314,-29,-362,-441,469,-379,97,649,-232,480,63,-280,-1,0
4,24,500,-616,311,-25,-354,-444,481,-381,97,650,-232,490,63,-281,-1,0
4,25,498,-616,312,-31,-352,-450,480,-393,97,650,-232,505,63,-281,-1,0
4,26,503,-615,316,-28,-366,-448,472,-400,97,650,-232,502,63,-276,-1,0
4,27,505,-615,312,-26,-363,-445,469,-392,97,650,-232,495,63,-276,-1,0
4,28,505,-618,306,-32,-349,-443,475,-378,97,650,-232,502,63,-281,0,0
4,29,505,-615,313,-27,-353,-444,483,-382,97,650,-232,501,63,-282,-1,0
4,30,503,-613,312,-16,-363,-448,481,-402,97,650,-232,488,63,-278,0,0
4,31,504,-616,302,-22,-356,-446,478,-397,97,650,-232,486,63,-281,0,0
4,32,506,-620,308,-34,-349,-446,477,-383,97,650,-232,484,63,-281,0,0
4,33,502,-618,316,-35,-356,-448,476,-399,97,650,-232,479,63,-271,0,0
4,34,505,-614,309,-28,-360,-446,483,-417,97,650,-232,487,63,-270,0,0
4,35,511,-613,307,-23,-357,-440,486,-406,97,650,-232,491,63,-282,0,0
4,36,505,-615,314,-25,-355,-441,477,-385,97,650,-232,482,63,-285,0,0
4,37,497,-617,313,-31,-355,-449,476,-384,97,650,-232,475,63,-277,0,0
4,38,504,-618,308,-32,-352,-451,475,-399,97,650,-232,485,63,-280,0,0
4,39,507,-615,309,-23,-355,-444,475,-393,97,650,-232,496,63,-284,0,0
4,40,504,-614,311,-19,-355,-444,492,-364,97,650,-232,496,63,-281,0,0
4,41,505,-616,312,-24,-351,-449,509,-360,97,649,-232,496,63,-282,0,0
4,42,505,-614,313,-23,-357,-444,500,-382,97,649,-232,486,63,-283,0,0
4,43,504,-611,311,-24,-365,-441,481,-374,97,650,-232,484,63,-283,0,0
4,44,507,-612,309,-28,-358,-447,472,-362,97,649,-232,496,63,-284,0,0
4,45,506,-612,313,-27,-346,-449,482,-371,97,649,-232,494,63,-282,0,0
4,46,503,-612,316,-27,-349,-445,502,-352,97,651,-232,486,63,-277,0,0
4,47,504,-616,312,-26,-359,-445,509,-320,97,654,-232,489,63,-280,0,0
4,48,500,-615,309,-19,-361,-446,502,-345,97,653,-232,487,63,-284,0,0
4,49,496,-613,309,-21,-359,-443,499,-395,97,651,-232,480,63,-279,0,0
4,50,499,-618,310,-33,-362,-442,503,-392,97,652,-232,484,63,-276,0,0
4,51,505,-621,313,-34,-357,-444,508,-357,97,654,-232,489,63,-279,0,0
4,52,507,-613,313,-26,-352,-447,508,-349,97,655,-232,490,63,-280,0,0
4,53,508,-610,311,-24,-359,-448,504,-372,97,655,-232,486,63,-280,0,0
4,54,506,-614,315,-27,-359,-448,501,-387,97,655,-232,484,63,-284,0,0
4,55,500,-614,315,-27,-348,-445,499,-379,97,655,-232,490,63,-284,0,0
4,56,501,-614,310,-23,-349,-443,498,-375,97,653,-232,493,63,-278,0,0
4,57,506,-616,308,-30,-355,-445,502,-378,97,653,-232,487,63,-276,0,0
4,58,506,-614,310,-36,-351,-446,506,-379,97,655,-232,483,63,-280,0,0
4,59,501,-614,310,-29,-351,-446,504,-389,97,655,-232,479,63,-281,0,0
4,60,497,-615,311,-24,-358,-446,504,-377,97,650,-232,477,63,-283,0,0
4,61,504,-613,312,-27,-359,-446,508,-347,97,649,-232,483,63,-284,0,0
4,62,511,-613,311,-26,-355,-444,506,-362,97,651,-232,490,63,-282,0,0
4,63,506,-614,309,-29,-357,-445,499,-388,97,652,-232,486,63,-282,0,0
4,64,500,-612,308,-31,-360,-448,501,-372,97,651,-232,484,63,-284,0,0
4,65,504,-611,309,-27,-353,-446,501,-368,97,651,-232,490,63,-281,0,0
4,66,505,-613,311,-24,-347,-442,496,-388,97,651,-232,494,63,-279,0,0
4,67,499,-614,311,-30,-350,-441,502,-383,97,651,-232,492,63,-282,0,0
4,68,501,-613,310,-37,-357,-445,499,-381,97,651,-232,490,63,-282,0,0
4,69,505,-615,313,-32,-356,-455,486,-389,97,651,-232,480,63,-276,0,0
4,70,504,-614,314,-29,-356,-451,494,-371,97,651,-232,482,63,-276,0,0
4,71,504,-615,310,-32,-361,-442,510,-343,97,652,-232,501,63,-281,0,0
4,72,505,-617,311,-32,-359,-446,505,-347,97,651,-232,505,63,-284,0,0
4,73,503,-616,315,-27,-350,-450,498,-364,97,650,-232,488,63,-282,0,0
4,74,502,-613,312,-24,-353,-444,505,-341,97,653,-232,483,63,-274,0,0
4,75,505,-614,310,-28,-360,-441,504,-329,97,656,-232,493,63,-274,0,0
4,76,504,-614,311,-30,-359,-444,502,-372,97,652,-232,492,63,-284,0,0
4,77,502,-613,308,-30,-355,-445,510,-396,97,648,-232,489,63,-285,0,0
4,78,505,-616,308,-29,-353,-445,495,-378,97,650,-232,491,63,-281,0,0
4,79,507,-615,312,-30,-355,-444,475,-378,97,652,-232,483,63,-282,0,0
4,80,502,-614,312,-32,-354,-444,491,-379,97,650,-232,484,63,-280,0,0
4,81,500,-616,309,-33,-350,-447,509,-370,97,651,-232,497,63,-280,0,0
4,82,507,-615,312,-31,-352,-443,496,-372,97,654,-232,497,63,-284,0,0
4,83,509,-613,315,-24,-354,-439,495,-360,97,653,-232,482,63,-286,0,0
4,84,504,-616,314,-23,-352,-437,511,-353,97,650,-232,483,63,-280,0,0
4,85,502,-614,314,-28,-353,-437,507,-365,97,650,-232,492,63,-274,0,0
4,86,504,-610,312,-31,-357,-444,497,-353,97,648,-232,489,63,-276,-1,0
4,87,504,-613,310,-30,-356,-453,503,-324,97,649,-232,481,63,-283,0,0
4,88,503,-615,311,-24,-359,-451,512,-330,97,655,-232,488,63,-282,-1,0
4,89,506,-617,315,-22,-360,-443,502,-372,97,654,-232,500,63,-277,-1,0
4,90,506,-614,314,-28,-355,-442,490,-396,97,647,-232,489,63,-283,-1,0
4,91,501,-610,310,-31,-354,-444,496,-365,97,648,-232,475,62,-283,-1,0
4,92,501,-614,308,-26,-353,-441,505,-342,97,650,-232,487,61,-276,-1,0
4,93,506,-619,311,-28,-351,-441,501,-364,97,649,-232,496,60,-276,-1,0
4,94,508,-614,315,-33,-351,-444,502,-356,97,649,-232,483,60,-279,-1,0
4,95,508,-612,316,-31,-352,-445,509,-326,97,650,-232,483,60,-278,-1,0
4,96,506,-617,311,-32,-359,-445,509,-338,97,650,-232,500,60,-278,-1,0
4,97,500,-613,307,-32,-364,-442,508,-364,97,650,-232,498,60,-282,-1,0
4,98,500,-613,313,-30,-357,-440,505,-378,97,650,-232,487,60,-282,0,0
4,99,505,-618,314,-31,-351,-443,500,-379,97,650,-232,493,60,-281,-1,0
4,100,504,-618,303,-31,-356,-441,504,-351,97,650,-232,496,61,-281,-1,0
4,101,501,-613,305,-22,-356,-438,511,-335,97,650,-232,481,60,-275,0,0
4,102,504,-611,311,-21,-350,-440,510,-355,97,650,-232,479,60,-274,0,0
4,103,510,-612,306,-29,-354,-442,505,-347,97,650,-232,495,62,-280,0,0
4,104,507,-617,307,-32,-361,-442,501,-333,97,650,-232,495,63,-282,0,0
4,105,499,-617,313,-32,-356,-446,497,-351,97,650,-232,482,63,-277,0,0
4,106,498,-607,309,-27,-349,-444,501,-339,97,650,-232,487,64,-282,0,0
5,107,505,-608,308,-23,-353,-443,511,-313,97,650,-232,500,64,-288,0,0
5,108,505,-612,314,-25,-358,-446,517,-334,97,650,-232,494,63,-281,0,0
5,109,501,-611,312,-27,-353,-443,517,-353,97,650,-232,487,63,-276,0,0
5,110,505,-616,307,-25,-354,-444,509,-360,97,650,-232,498,63,-282,0,0
5,111,509,-618,311,-29,-357,-446,509,-382,97,650,-232,499,63,-283,0,0
5,112,506,-615,314,-32,-351,-444,519,-382,97,650,-232,481,63,-280,0,0
5,113,506,-613,312,-28,-352,-444,513,-356,97,650,-232,483,63,-282,0,0
5,114,506,-612,310,-24,-355,-445,506,-349,97,650,-232,493,63,-283,0,0
5,115,502,-612,311,-29,-353,-444,510,-350,97,650,-232,486,63,-280,0,0
5,116,502,-616,311,-29,-355,-444,501,-348,97,650,-232,482,63,-280,0,0
5,117,506,-614,309,-23,-363,-442,487,-357,97,650,-232,490,63,-283,-1,0
5,118,504,-613,306,-25,-360,-439,503,-356,97,652,-232,489,63,-282,-1,0
5,119,502,-614,309,-32,-351,-442,525,-333,97,651,-232,482,63,-279,-1,0
5,120,499,-611,311,-29,-352,-444,532,-315,97,651,-232,486,63,-278,-1,0
5,121,493,-611,309,-29,-356,-441,539,-330,97,654,-232,491,63,-278,-1,0
5,122,499,-615,311,-34,-357,-440,524,-371,97,653,-232,484,63,-280,-1,0
5,123,509,-617,315,-30,-354,-442,502,-380,97,649,-232,481,63,-279,-1,0
5,124,504,-618,312,-28,-356,-442,519,-344,97,650,-232,492,63,-276,-1,0
5,125,502,-614,310,-30,-359,-443,532,-326,97,652,-232,501,63,-279,-1,0
5,126,510,-611,316,-29,-357,-444,508,-339,97,651,-232,494,63,-283,-1,0
5,127,508,-616,316,-30,-354,-443,496,-352,97,651,-232,496,63,-280,-1,0
5,128,502,-617,314,-33,-356,-444,502,-355,97,651,-232,495,63,-277,-1,0
5,0,501,-611,315,-30,-360,-446,502,-350,97,651,-232,484,63,-280,-1,0
5,1,500,-611,307,-33,-359,-444,516,-343,97,651,-232,481,63,-281,-1,0
5,2,500,-615,302,-33,-355,-441,521,-330,97,651,-232,490,63,-279,0,0
5,3,504,-612,312,-21,-353,-442,502,-322,97,651,-232,498,63,-279,0,0
5,4,505,-612,314,-23,-354,-442,501,-341,97,651,-232,499,63,-281,0,0
5,5,509,-616,307,-26,-355,-442,509,-372,97,651,-232,493,63,-280,-1,0
5,6,508,-616,309,-19,-352,-442,502,-370,97,651,-232,491,63,-276,0,0
5,7,498,-612,315,-21,-352,-440,499,-353,97,651,-232,498,63,-273,0,0
5,8,498,-610,311,-32,-357,-441,502,-353,97,651,-232,493,63,-277,0,0
5,9,504,-610,308,-31,-360,-440,504,-348,97,651,-232,488,63,-282,0,0
5,10,504,-613,311,-27,-359,-440,508,-331,97,651,-232,490,63,-283,0,0
5,11,503,-617,314,-27,-357,-446,504,-328,97,652,-232,493,63,-279,0,0
5,12,504,-617,314,-26,-355,-449,501,-325,97,653,-232,497,63,-278,0,0
5,13,504,-613,312,-29,-355,-443,510,-309,97,653,-232,490,63,-280,0,0
5,14,504,-614,309,-30,-364,-442,516,-300,97,652,-232,482,63,-282,0,0
5,15,508,-618,310,-28,-369,-447,514,-324,97,653,-232,486,63,-281,0,0
5,16,506,-615,311,-31,-360,-448,514,-356,97,653,-232,493,63,-278,0,0
5,17,502,-612,312,-32,-351,-446,506,-362,97,653,-232,495,63,-278,0,0
5,18,506,-615,314,-26,-357,-441,505,-343,97,653,-232,490,63,-277,0,0
5,19,504,-617,313,-23,-363,-439,529,-317,97,653,-232,479,63,-276,0,0
5,20,504,-616,311,-29,-356,-447,539,-306,97,653,-232,484,63,-279,-1,0
5,21,510,-616,312,-32,-356,-448,517,-316,97,652,-232,496,63,-281,0,0
5,22,506,-613,314,-29,-359,-440,508,-324,97,652,-232,485,63,-280,-1,0
5,23,499,-611,312,-30,-354,-443,515,-318,97,653,-232,487,63,-283,-1,0
5,24,501,-614,312,-33,-351,-446,510,-319,97,652,-232,507,63,-281,0,0
5,25,502,-616,315,-30,-354,-442,505,-324,97,651,-232,503,63,-274,-1,0
5,26,499,-612,310,-23,-352,-445,509,-315,96,651,-232,490,63,-278,0,0
5,27,501,-613,305,-24,-350,-449,508,-322,97,653,-232,493,63,-279,0,0
5,28,500,-615,308,-32,-359,-441,503,-352,100,654,-232,493,63,-278,0,0
5,29,501,-613,312,-32,-360,-438,503,-359,93,652,-232,488,63,-283,0,0
5,30,506,-612,311,-30,-353,-443,508,-339,98,651,-232,492,63,-281,0,0
5,31,508,-617,312,-32,-357,-444,507,-333,116,652,-232,493,63,-279,0,0
5,32,504,-617,311,-30,-362,-441,503,-344,112,651,-232,489,63,-284,0,0
5,33,501,-613,312,-31,-355,-440,514,-334,94,651,-232,491,63,-284,0,0
5,34,500,-614,313,-33,-350,-438,520,-319,96,651,-232,490,63,-278,0,0
5,35,502,-617,308,-31,-353,-437,508,-334,102,651,-232,488,63,-278,0,0
5,36,503,-614,306,-30,-359,-440,496,-350,96,651,-232,488,63,-286,0,0
5,37,507,-609,311,-29,-357,-443,495,-354,97,651,-232,494,63,-284,0,0
5,38,506,-612,315,-28,-357,-439,496,-356,101,651,-232,496,63,-278,0,0
5,39,499,-618,310,-31,-361,-442,503,-345,99,651,-232,494,63,-278,0,0
5,40,503,-613,309,-32,-359,-448,509,-332,97,651,-232,498,63,-279,0,0
5,41,512,-610,312,-29,-356,-447,507,-342,97,651,-232,494,63,-279,0,0
5,42,506,-616,314,-31,-360,-445,507,-363,97,651,-232,479,63,-280,-1,0
5,43,500,-616,314,-33,-359,-447,503,-367,97,651,-232,482,63,-279,-1,0
5,44,502,-614,310,-29,-357,-449,508,-354,97,651,-232,492,63,-280,-1,0
5,45,503,-616,308,-29,-357,-446,521,-329,97,651,-232,487,63,-279,-1,0
5,46,501,-617,314,-31,-359,-439,512,-313,97,651,-232,486,63,-274,-1,0
5,47,505,-616,313,-30,-360,-438,504,-309,97,651,-232,491,63,-278,-1,0
5,48,505,-613,308,-28,-358,-445,528,-297,97,651,-232,493,63,-280,-1,0
5,49,499,-615,308,-28,-357,-445,542,-311,97,651,-232,490,63,-273,0,0
5,50,504,-617,311,-29,-360,-442,524,-346,97,651,-232,487,63,-275,-1,0
5,51,509,-618,312,-31,-357,-446,514,-347,97,651,-232,487,63,-281,0,0
5,52,505,-614,309,-31,-354,-445,515,-349,97,651,-232,488,63,-278,0,0
5,53,502,-613,308,-30,-358,-439,509,-377,97,651,-232,488,63,-279,0,0
5,54,503,-612,311,-31,-356,-439,503,-389,97,651,-232,488,63,-284,0,0
5,55,501,-614,311,-31,-354,-443,503,-382,97,651,-232,484,63,-283,0,0
5,56,499,-618,308,-29,-361,-442,500,-383,97,651,-232,480,63,-280,0,0
5,57,503,-615,309,-28,-361,-440,496,-376,97,651,-232,490,61,-281,0,0
5,58,501,-613,311,-27,-355,-440,496,-365,97,651,-232,497,60,-282,0,0
5,59,501,-616,312,-28,-356,-441,496,-365,97,651,-232,487,61,-281,0,0
5,60,506,-617,313,-30,-357,-442,494,-361,97,651,-232,480,63,-281,0,0
5,61,505,-617,307,-30,-357,-442,504,-339,97,651,-232,483,64,-283,0,0
5,62,502,-614,308,-30,-359,-444,529,-308,97,652,-232,488,63,-280,0,0
5,63,500,-614,311,-30,-360,-447,541,-296,97,651,-232,488,62,-278,0,0
5,64,506,-617,309,-30,-359,-445,526,-306,97,652,-232,485,63,-280,0,0
5,65,509,-615,309,-27,-357,-439,510,-316,97,654,-232,489,63,-282,0,0
5,66,505,-611,311,-29,-354,-442,503,-347,97,654,-232,493,63,-281,0,0
5,67,506,-616,306,-33,-357,-445,498,-387,97,652,-232,484,63,-280,0,0
5,68,506,-617,304,-35,-363,-441,499,-383,97,650,-232,479,63,-283,0,0
5,69,502,-616,312,-29,-357,-443,502,-366,97,649,-232,491,63,-283,0,0
5,70,501,-619,313,-26,-351,-447,503,-369,97,650,-232,494,63,-278,0,0
5,71,500,-615,309,-30,-356,-445,505,-369,97,652,-232,484,63,-274,0,0
5,72,502,-611,310,-24,-351,-445,506,-365,97,651,-232,489,63,-277,0,0
5,73,505,-616,311,-21,-350,-446,504,-366,97,651,-232,497,63,-282,0,0
5,74,506,-614,312,-31,-358,-442,497,-371,97,652,-232,494,63,-280,0,0
5,75,505,-610,309,-33,-358,-441,490,-370,97,651,-232,490,61,-277,0,0
5,76,507,-615,306,-25,-352,-442,493,-352,97,652,-232,489,61,-282,0,0
5,77,503,-612,309,-30,-351,-438,506,-317,97,655,-232,487,61,-283,0,0
5,78,504,-607,313,-36,-356,-436,511,-317,97,655,-232,484,61,-282,0,0
5,79,510,-615,311,-30,-356,-440,506,-348,97,652,-232,491,61,-283,0,0
5,80,508,-619,310,-29,-351,-443,502,-361,97,654,-232,493,61,-280,0,0
5,81,500,-615,310,-30,-352,-441,503,-366,97,654,-232,483,61,-278,0,0
5,82,498,-616,307,-31,-357,-441,499,-384,97,650,-232,483,61,-281,0,0
5,83,503,-615,311,-30,-354,-441,486,-391,97,648,-232,493,61,-281,0,0
5,84,503,-610,318,-29,-352,-441,471,-389,97,649,-232,491,61,-279,0,0
5,85,500,-609,312,-30,-361,-442,470,-389,97,649,-232,485,61,-279,0,0
5,86,506,-614,305,-32,-362,-444,489,-373,97,648,-232,484,61,-279,0,0
5,87,509,-618,311,-31,-352,-444,505,-343,97,649,-232,489,61,-278,0,0
5,88,500,-618,314,-28,-350,-440,503,-335,97,649,-232,503,61,-272,0,0
5,89,499,-615,304,-30,-359,-440,495,-352,97,649,-232,502,61,-269,0,0
5,90,504,-613,304,-30,-358,-443,498,-359,97,651,-232,485,61,-276,0,0
5,91,503,-617,315,-28,-348,-439,505,-335,97,657,-232,481,61,-280,0,0
5,92,501,-613,313,-29,-353,-437,511,-325,97,657,-232,487,61,-282,0,0
5,93,506,-609,305,-29,-363,-441,508,-367,97,650,-232,485,61,-283,-1,0
5,94,507,-614,308,-29,-358,-445,504,-402,97,650,-232,484,61,-281,0,0
5,95,501,-614,310,-29,-355,-446,510,-379,97,655,-232,487,61,-280,-1,0
5,96,501,-607,305,-33,-358,-442,498,-364,97,659,-232,483,61,-281,0,0
5,97,505,-612,305,-30,-355,-443,474,-393,97,655,-232,483,61,-279,0,0
5,98,502,-620,310,-23,-349,-449,470,-400,97,651,-232,487,61,-276,0,0
5,99,499,-614,310,-25,-351,-450,480,-370,97,649,-232,486,61,-278,-1,0
5,100,508,-614,311,-31,-359,-445,487,-358,97,649,-232,482,61,-279,0,0
5,101,508,-621,310,-31,-360,-444,481,-375,97,649,-232,486,61,-279,0,0
5,102,504,-618,306,-28,-355,-443,470,-382,97,649,-232,492,61,-279,0,0
5,103,510,-611,309,-29,-356,-443,481,-371,97,649,-232,487,61,-278,0,0
5,104,514,-611,314,-31,-361,-441,507,-359,97,649,-232,482,61,-280,0,0
5,105,505,-613,311,-32,-355,-437,502,-367,97,650,-232,482,61,-282,0,0
5,106,501,-612,305,-33,-350,-439,472,-401,97,654,-232,487,61,-283,0,0
6,107,506,-613,307,-32,-354,-445,465,-412,97,654,-232,489,61,-280,0,0
6,108,505,-614,310,-33,-357,-445,487,-383,97,651,-232,486,61,-280,0,0
6,109,500,-615,307,-37,-358,-441,509,-367,97,651,-232,486,61,-278,0,0
6,110,503,-609,305,-30,-360,-443,508,-386,97,652,-232,489,61,-275,0,0
6,111,508,-608,310,-21,-357,-444,491,-396,97,651,-232,487,61,-280,0,0
6,112,504,-613,313,-25,-352,-439,486,-375,97,653,-232,484,61,-285,0,0
6,113,501,-612,307,-28,-356,-441,496,-350,97,655,-232,488,61,-284,0,0
6,114,507,-609,309,-24,-361,-450,500,-337,97,653,-232,493,61,-281,0,0
6,115,509,-611,316,-26,-357,-445,497,-331,97,651,-232,491,61,-280,0,0
6,116,504,-614,313,-34,-352,-435,502,-340,97,651,-232,491,61,-281,0,0
6,117,501,-615,307,-32,-353,-438,512,-371,97,652,-232,491,61,-282,0,0
6,118,504,-613,309,-23,-357,-442,494,-397,97,651,-232,488,61,-281,0,0
6,119,502,-610,311,-23,-366,-442,474,-388,97,651,-232,483,61,-281,0,0
6,120,502,-612,310,-25,-367,-444,492,-365,97,651,-232,485,61,-280,0,0
6,121,508,-612,311,-24,-357,-443,507,-356,97,651,-232,488,61,-280,0,0
6,122,506,-611,311,-25,-357,-442,489,-352,97,651,-232,478,61,-282,0,0
6,123,501,-613,309,-23,-361,-443,478,-348,97,651,-232,485,61,-281,0,0
6,124,502,-614,311,-19,-356,-443,479,-363,97,651,-232,507,61,-278,0,0
6,125,503,-614,313,-24,-352,-441,472,-382,97,651,-232,499,61,-282,0,0
6,126,500,-612,314,-34,-353,-441,475,-379,97,651,-232,493,61,-283,0,0
6,127,502,-611,311,-33,-353,-445,479,-379,97,651,-232,505,61,-276,0,0
6,128,509,-617,307,-25,-356,-446,475,-391,97,651,-232,495,61,-280,0,0
6,0,511,-620,313,-25,-355,-447,479,-383,97,651,-232,474,61,-285,0,0
6,1,508,-616,319,-29,-352,-447,486,-371,97,651,-232,486,61,-279,0,0
6,2,504,-613,312,-27,-360,-444,479,-381,97,651,-232,497,61,-280,0,0
6,3,502,-613,305,-24,-360,-441,480,-383,97,651,-232,485,61,-285,0,0
6,4,503,-616,308,-28,-349,-439,502,-356,97,651,-232,481,61,-283,0,0
6,5,505,-618,311,-25,-354,-439,511,-346,96,651,-232,485,61,-281,0,0
6,6,503,-614,310,-21,-360,-439,492,-376,96,651,-232,489,61,-282,0,0
6,7,499,-611,309,-31,-351,-442,485,-389,99,651,-232,488,61,-278,0,0
6,8,502,-612,313,-33,-355,-438,500,-362,98,651,-232,480,61,-280,0,0
6,9,504,-612,315,-29,-371,-437,506,-346,92,651,-232,485,61,-283,0,0
6,10,504,-613,311,-30,-364,-443,505,-351,110,651,-232,498,61,-279,0,0
6,11,504,-615,309,-30,-352,-442,502,-355,134,651,-232,497,61,-278,0,0
6,12,500,-616,311,-33,-354,-438,488,-365,110,651,-232,490,63,-283,0,0
6,13,502,-614,314,-32,-354,-437,484,-367,90,651,-232,496,63,-281,0,0
6,14,505,-612,313,-30,-353,-440,483,-364,119,651,-232,498,62,-279,0,0
6,15,502,-611,310,-31,-362,-442,472,-380,126,651,-232,485,62,-281,0,0
6,16,502,-613,311,-31,-359,-444,484,-386,96,651,-232,478,63,-279,0,0
6,17,503,-616,312,-27,-348,-442,502,-376,93,651,-232,483,63,-275,0,0
6,18,502,-617,309,-32,-349,-440,482,-396,106,651,-232,485,63,-279,0,0
6,19,508,-617,311,-32,-359,-445,465,-414,101,651,-232,488,63,-281,0,0
6,20,511,-616,314,-24,-358,-447,476,-394,100,651,-232,492,63,-280,0,0
6,21,502,-615,307,-27,-350,-448,478,-375,104,651,-232,491,63,-280,0,0
6,22,498,-614,305,-30,-355,-444,474,-375,103,651,-232,488,63,-282,0,0
6,23,505,-610,311,-26,-365,-442,483,-375,103,651,-232,486,63,-282,0,0
6,24,504,-611,313,-29,-359,-447,476,-381,103,652,-232,488,63,-283,0,0
6,25,501,-616,310,-35,-349,-447,465,-390,101,651,-232,490,63,-280,0,0
6,26,502,-615,310,-31,-351,-440,487,-375,99,651,-232,488,63,-276,0,0
6,27,501,-612,312,-26,-358,-438,507,-348,98,653,-232,483,63,-280,0,0
6,28,501,-615,311,-29,-360,-439,488,-345,98,654,-232,480,63,-283,0,0
6,29,502,-616,309,-30,-356,-437,470,-369,99,651,-230,483,63,-282,0,0
6,30,501,-611,310,-24,-354,-442,485,-384,99,649,-228,487,63,-279,0,0
6,31,504,-611,311,-26,-355,-446,505,-382,101,649,-229,486,63,-272,0,0
6,32,508,-616,312,-31,-354,-443,502,-383,101,650,-229,485,63,-272,0,0
6,33,503,-618,311,-25,-352,-443,478,-392,97,649,-229,487,63,-282,0,0
6,34,499,-616,307,-24,-353,-443,468,-401,106,649,-230,488,63,-283,0,0
6,35,507,-617,306,-35,-357,-438,494,-382,122,649,-232,489,63,-277,-1,0
6,36,509,-618,311,-35,-359,-437,514,-349,112,649,-232,495,63,-281,0,0
6,37,504,-615,314,-29,-356,-441,498,-353,95,649,-232,496,63,-286,0,0
6,38,507,-614,311,-33,-351,-443,473,-384,97,651,-232,489,63,-280,0,0
6,39,506,-616,310,-34,-352,-441,475,-382,102,657,-232,485,63,-274,0,0
6,40,504,-617,311,-29,-359,-439,498,-361,98,658,-232,488,63,-276,0,0
6,41,511,-613,311,-28,-361,-443,504,-367,97,653,-232,490,63,-282,0,0
6,42,512,-611,309,-31,-357,-444,490,-386,98,653,-232,488,63,-283,0,0
6,43,504,-617,310,-32,-354,-439,492,-383,100,654,-232,489,63,-280,0,0
6,44,502,-620,311,-34,-358,-445,506,-366,101,651,-232,491,63,-278,0,0
6,45,499,-613,312,-28,-357,-451,504,-373,100,648,-232,486,63,-278,0,0
6,46,500,-611,313,-19,-354,-440,502,-383,100,648,-232,484,63,-280,0,0
6,47,508,-616,308,-25,-354,-438,504,-370,100,650,-232,486,63,-283,0,0
6,48,503,-617,305,-35,-353,-447,504,-352,100,649,-232,489,63,-283,0,0
6,49,501,-615,311,-31,-350,-442,509,-350,100,648,-232,486,63,-282,0,0
6,50,507,-613,314,-26,-355,-437,498,-375,100,651,-232,479,63,-281,0,0
6,51,504,-611,311,-30,-361,-443,477,-393,100,654,-232,479,63,-281,0,0
6,52,500,-610,310,-29,-360,-444,488,-367,100,652,-232,486,63,-280,0,0
6,53,505,-611,309,-28,-360,-439,508,-341,99,650,-232,486,63,-281,0,0
6,54,507,-613,309,-32,-358,-439,501,-356,102,651,-232,483,63,-282,0,0
6,55,508,-613,313,-30,-355,-441,500,-367,101,652,-232,489,63,-278,-1,0
6,56,506,-612,311,-29,-358,-445,505,-361,95,655,-232,493,63,-279,0,0
6,57,498,-614,306,-31,-360,-450,483,-377,110,655,-232,490,63,-283,-1,0
6,58,502,-612,307,-25,-354,-446,469,-397,122,652,-232,483,63,-280,-1,0
6,59,511,-607,316,-20,-349,-435,494,-381,103,654,-232,482,63,-278,-1,0
6,60,505,-611,316,-29,-353,-437,513,-357,91,652,-232,489,63,-283,-1,0
6,61,500,-616,305,-36,-359,-444,491,-368,101,649,-232,489,63,-282,-1,0
6,62,505,-615,308,-30,-359,-444,464,-382,103,653,-232,483,63,-281,-1,0
6,63,511,-612,316,-28,-353,-442,480,-368,96,655,-232,484,63,-283,0,0
6,64,505,-612,311,-36,-350,-444,507,-358,99,651,-232,486,63,-277,0,0
6,65,502,-612,312,-30,-351,-441,505,-365,100,651,-232,488,63,-273,0,0
6,66,505,-612,319,-15,-349,-435,498,-369,100,652,-232,492,63,-278,0,0
6,67,507,-614,318,-16,-352,-436,491,-372,101,652,-232,484,63,-281,0,0
6,68,507,-614,312,-29,-356,-440,477,-371,100,652,-232,485,63,-280,0,0
6,69,508,-612,312,-32,-353,-438,476,-368,100,651,-232,506,63,-283,0,0
6,70,502,-613,311,-34,-352,-442,479,-382,100,653,-232,503,63,-283,0,0
6,71,497,-611,310,-40,-355,-450,483,-389,100,654,-232,493,63,-280,0,0
6,72,503,-608,310,-35,-352,-450,493,-377,100,650,-232,502,63,-280,0,0
6,73,504,-609,312,-30,-351,-441,485,-381,100,648,-232,502,63,-282,0,0
6,74,499,-613,310,-33,-356,-440,468,-395,100,651,-232,491,63,-282,0,0
6,75,503,-617,304,-30,-355,-445,479,-387,100,652,-232,486,63,-282,0,0
6,76,506,-614,304,-27,-354,-445,503,-369,100,651,-232,482,63,-283,0,0
6,77,502,-609,311,-31,-365,-441,508,-367,100,651,-232,478,63,-285,0,0
6,78,502,-611,313,-32,-367,-442,492,-384,100,651,-232,487,63,-285,0,0
6,79,502,-617,310,-30,-355,-449,472,-394,100,651,-232,502,63,-279,0,0
6,80,499,-615,306,-31,-349,-448,467,-387,100,651,-232,498,63,-281,0,0
6,81,500,-613,307,-30,-357,-440,471,-376,100,651,-233,478,63,-288,-1,0
6,82,503,-614,312,-26,-364,-438,471,-377,100,651,-229,481,63,-282,0,0
6,83,499,-616,318,-29,-364,-443,455,-401,100,651,-227,497,63,-276,-1,0
6,84,498,-614,311,-33,-361,-446,438,-421,100,651,-230,486,63,-282,0,0
6,85,501,-613,303,-29,-355,-446,450,-409,99,651,-231,478,63,-285,0,0
6,86,503,-614,307,-28,-355,-443,477,-391,101,651,-228,489,63,-278,0,0
6,87,503,-611,313,-31,-360,-442,481,-388,101,651,-229,487,63,-277,0,0
6,88,503,-612,314,-31,-363,-449,475,-383,96,651,-232,484,63,-281,0,0
6,89,505,-616,311,-29,-363,-454,478,-377,109,651,-233,493,63,-280,0,0
6,90,502,-616,312,-31,-358,-448,475,-386,127,651,-232,488,63,-279,0,0
6,91,495,-615,313,-29,-353,-441,471,-380,115,651,-232,485,63,-282,0,0
6,92,499,-616,313,-28,-352,-444,471,-357,94,651,-232,502,63,-283,0,0
6,93,506,-616,312,-31,-354,-448,473,-343,95,651,-232,506,63,-279,0,0
6,94,505,-614,313,-31,-357,-444,474,-349,111,651,-232,488,63,-274,0,0
6,95,504,-611,310,-29,-358,-440,473,-383,127,651,-232,481,63,-279,0,0
6,96,507,-609,308,-27,-359,-444,473,-414,121,651,-232,492,63,-284,0,0
6,97,503,-615,310,-26,-361,-447,472,-403,97,651,-232,491,63,-278,0,0
6,98,498,-617,310,-29,-361,-441,473,-380,92,652,-232,488,63,-276,0,0
6,99,506,-612,309,-33,-358,-442,476,-382,100,650,-232,491,63,-280,0,0
6,100,510,-612,314,-33,-354,-444,478,-383,95,652,-232,489,63,-277,-1,0
6,101,499,-615,317,-29,-353,-442,478,-379,94,655,-232,487,63,-277,-1,0
6,102,496,-619,315,-24,-359,-443,471,-388,100,653,-232,488,63,-279,0,0
6,103,506,-618,313,-25,-360,-445,467,-390,98,650,-233,487,63,-276,-1,0
6,104,509,-612,313,-29,-352,-440,475,-376,96,652,-230,484,63,-274,0,0
6,105,499,-610,312,-29,-354,-436,478,-377,98,651,-227,487,63,-270,0,0
6,106,499,-613,311,-30,-359,-440,470,-395,97,650,-226,489,63,-270,0,0
7,107,505,-614,309,-32,-353,-442,471,-391,97,652,-227,488,63,-281,0,0
7,108,506,-611,304,-31,-360,-445,481,-375,97,653,-227,484,63,-287,0,0
7,109,501,-612,307,-30,-369,-447,476,-400,97,651,-225,486,63,-280,0,0
7,110,500,-613,311,-30,-359,-443,467,-424,97,651,-227,498,63,-280,0,0
7,111,502,-612,309,-30,-350,-441,475,-401,97,652,-232,500,63,-285,0,0
7,112,499,-613,308,-32,-353,-447,475,-393,97,651,-232,486,63,-283,0,0
7,113,502,-616,307,-32,-356,-454,462,-413,97,651,-230,480,63,-282,0,0
7,114,507,-616,305,-34,-355,-446,460,-404,97,651,-232,490,63,-282,0,0
7,115,507,-611,307,-34,-354,-438,472,-381,97,651,-233,500,63,-281,0,0
7,116,501,-610,307,-29,-352,-443,478,-371,97,651,-232,495,63,-282,0,0
7,117,500,-617,305,-31,-354,-446,473,-352,97,651,-232,483,63,-282,0,0
7,118,505,-619,313,-34,-365,-442,472,-355,97,651,-232,482,63,-281,0,0
7,119,508,-612,315,-31,-367,-439,474,-400,97,651,-232,491,63,-280,0,0
7,120,504,-609,308,-29,-354,-443,471,-422,97,651,-232,488,63,-282,0,0
7,121,499,-613,307,-31,-348,-446,460,-406,97,651,-232,480,63,-280,0,0
7,122,504,-612,311,-33,-357,-441,447,-407,97,651,-232,485,63,-274,0,0
7,123,506,-610,307,-31,-365,-441,446,-412,97,651,-232,489,63,-276,0,0
7,124,506,-610,309,-30,-362,-449,455,-400,97,651,-232,485,63,-283,0,0
7,125,510,-612,312,-31,-353,-448,459,-395,97,651,-232,486,63,-280,0,0
7,126,508,-615,309,-32,-351,-440,464,-392,97,651,-232,491,63,-278,0,0
7,127,505,-614,309,-29,-355,-444,475,-372,97,651,-232,492,63,-281,0,0
7,128,503,-609,311,-29,-359,-448,475,-360,97,651,-232,482,63,-283,0,0
7,0,500,-611,310,-31,-361,-445,467,-367,97,651,-232,481,63,-282,0,0
7,1,500,-616,305,-32,-364,-444,473,-365,97,651,-232,492,63,-281,0,0
7,2,505,-613,305,-33,-357,-442,471,-373,97,651,-232,492,63,-277,0,0
7,3,504,-610,314,-28,-355,-438,456,-411,97,651,-232,487,63,-281,0,0
7,4,500,-614,314,-29,-359,-443,462,-421,97,651,-232,488,63,-285,0,0
7,5,506,-616,306,-40,-358,-448,477,-391,97,651,-232,484,63,-280,0,0
7,6,511,-614,305,-40,-356,-443,479,-379,97,651,-232,490,63,-281,0,0
7,7,507,-613,312,-30,-355,-439,485,-388,97,651,-232,499,63,-284,0,0
7,8,502,-615,316,-26,-356,-445,487,-385,97,651,-232,493,63,-279,0,0
7,9,502,-617,309,-30,-361,-450,482,-375,97,651,-232,497,63,-281,0,0
7,10,501,-618,305,-33,-360,-449,482,-371,97,651,-232,507,63,-284,0,0
7,11,501,-619,311,-33,-356,-444,479,-375,97,651,-232,493,63,-279,0,0
7,12,505,-615,312,-31,-359,-440,473,-386,97,651,-232,484,63,-278,0,0
7,13,505,-613,308,-28,-363,-441,482,-380,97,651,-232,490,63,-282,0,0
7,14,505,-616,310,-31,-359,-448,481,-365,97,651,-232,485,63,-278,0,0
7,15,505,-616,307,-36,-357,-448,473,-371,97,651,-232,482,63,-280,0,0
7,16,501,-613,300,-27,-355,-443,493,-374,97,651,-232,491,63,-284,0,0
7,17,499,-612,309,-17,-352,-443,501,-367,97,651,-232,493,63,-277,0,0
7,18,505,-612,318,-24,-352,-446,474,-392,96,651,-232,493,63,-274,0,0
7,19,507,-610,311,-33,-353,-443,449,-424,100,651,-232,490,63,-278,0,0
7,20,500,-615,305,-30,-354,-441,451,-409,95,651,-232,482,63,-280,-1,0
7,21,504,-619,309,-30,-357,-443,470,-378,95,651,-232,488,63,-281,0,0
7,22,509,-615,312,-35,-358,-443,478,-383,110,651,-232,497,63,-281,-1,0
7,23,503,-613,311,-30,-356,-443,465,-394,111,651,-232,487,63,-279,0,0
7,24,499,-616,309,-27,-352,-444,463,-380,98,651,-232,490,63,-279,-1,0
7,25,501,-615,312,-29,-351,-444,478,-375,92,652,-232,507,63,-282,0,0
7,26,504,-611,314,-33,-355,-443,477,-402,98,651,-232,502,63,-280,-1,0
7,27,504,-610,312,-32,-360,-442,469,-410,115,652,-232,481,63,-278,0,0
7,28,503,-613,314,-30,-358,-441,475,-383,128,653,-232,479,63,-283,-1,0
7,29,503,-614,313,-33,-353,-441,477,-380,104,652,-232,490,63,-283,0,0
7,30,504,-608,308,-31,-352,-448,472,-406,86,650,-232,492,63,-281,0,0
7,31,505,-606,309,-27,-356,-450,474,-411,115,649,-232,489,63,-283,0,0
7,32,503,-616,314,-29,-357,-445,468,-409,122,649,-232,487,63,-284,0,0
7,33,499,-616,308,-31,-354,-445,459,-412,96,650,-232,485,63,-281,0,0
7,34,501,-609,303,-31,-356,-444,475,-397,92,652,-232,485,63,-277,0,0
7,35,503,-614,312,-29,-361,-437,496,-380,104,651,-232,484,63,-276,0,0
7,36,497,-617,316,-30,-363,-441,488,-381,100,651,-232,485,63,-279,0,0
7,37,497,-613,307,-30,-363,-452,472,-388,95,653,-232,490,63,-278,0,0
7,38,505,-614,306,-29,-359,-449,474,-388,99,655,-232,493,63,-278,0,0
7,39,500,-616,312,-30,-356,-443,478,-386,100,656,-232,486,63,-282,0,0
7,40,496,-612,313,-29,-359,-442,476,-378,99,653,-232,495,63,-279,0,0
7,41,505,-613,310,-28,-363,-442,475,-380,100,649,-232,500,63,-274,0,0
7,42,504,-616,312,-29,-360,-445,482,-385,102,649,-232,485,63,-279,0,0
7,43,497,-616,312,-30,-356,-448,499,-363,99,651,-232,483,63,-285,0,0
7,44,502,-616,311,-30,-355,-446,500,-353,99,651,-232,495,62,-281,0,0
7,45,507,-615,313,-32,-353,-443,476,-385,115,651,-232,502,60,-275,0,0
7,46,501,-613,309,-31,-356,-442,467,-407,118,651,-232,499,60,-274,0,0
7,47,497,-612,303,-29,-360,-446,473,-404,100,651,-232,492,61,-280,0,0
7,48,504,-611,307,-34,-356,-450,469,-410,94,651,-232,484,60,-281,0,0
7,49,503,-614,310,-32,-355,-445,469,-410,100,651,-232,485,60,-273,0,0
7,50,499,-616,311,-29,-359,-442,476,-391,96,651,-232,488,60,-274,0,0
7,51,502,-614,312,-39,-356,-453,481,-378,92,651,-232,485,60,-281,-1,0
7,52,509,-613,311,-37,-356,-455,480,-386,95,651,-232,484,60,-285,0,0
7,53,510,-613,305,-25,-364,-442,461,-405,95,651,-232,486,59,-281,-1,0
7,54,503,-609,308,-26,-359,-443,452,-417,94,651,-232,489,59,-275,0,0
7,55,500,-609,311,-33,-351,-449,471,-404,95,651,-232,486,59,-279,-1,0
7,56,507,-614,305,-30,-357,-442,488,-383,95,653,-232,483,59,-282,0,0
7,57,510,-614,306,-28,-358,-439,488,-377,95,654,-232,486,59,-277,0,0
7,58,504,-610,312,-28,-351,-443,482,-399,95,652,-232,492,59,-278,0,0
7,59,501,-611,310,-28,-355,-444,474,-415,95,654,-232,493,59,-280,0,0
7,60,501,-616,306,-32,-360,-445,471,-395,95,658,-232,488,59,-281,0,0
7,61,500,-616,311,-30,-353,-446,477,-378,95,655,-232,485,59,-284,0,0
7,62,505,-614,311,-28,-351,-445,479,-382,95,649,-232,484,59,-282,0,0
7,63,507,-614,311,-30,-360,-444,478,-388,95,649,-232,487,59,-279,-1,0
7,64,503,-610,316,-30,-358,-443,473,-399,95,650,-232,493,59,-284,0,0
7,65,505,-612,314,-30,-350,-444,469,-407,95,649,-232,492,59,-283,-1,0
7,66,505,-615,311,-32,-356,-445,478,-384,95,649,-232,490,59,-279,-1,0
7,67,500,-614,312,-31,-357,-446,482,-375,95,649,-232,493,59,-284,-1,0
7,68,501,-613,314,-29,-351,-444,473,-408,95,649,-232,489,59,-283,-1,0
7,69,503,-615,314,-30,-354,-444,470,-407,95,649,-232,484,59,-275,-1,0
7,70,500,-613,314,-26,-356,-448,476,-373,95,649,-232,487,59,-276,-1,0
7,71,503,-613,312,-24,-351,-450,472,-388,95,649,-232,487,58,-284,0,0
7,72,505,-616,310,-28,-355,-442,468,-422,95,649,-232,488,60,-284,-1,0
7,73,501,-612,311,-33,-361,-439,474,-397,95,649,-232,494,63,-278,0,0
7,74,502,-611,311,-33,-358,-448,476,-369,95,649,-232,489,63,-275,-1,0
7,75,503,-621,310,-25,-355,-451,469,-406,95,649,-232,487,62,-281,0,0
7,76,500,-621,308,-23,-355,-443,466,-437,95,649,-232,495,63,-286,0,0
7,77,501,-611,305,-29,-357,-444,474,-413,95,649,-232,498,64,-282,0,0
7,78,503,-613,309,-33,-362,-451,479,-392,95,649,-232,490,63,-277,0,0
7,79,502,-620,316,-31,-360,-445,476,-395,94,649,-232,486,63,-280,0,0
7,80,501,-618,315,-22,-351,-440,477,-400,93,649,-232,489,63,-283,0,0
7,81,501,-614,307,-17,-354,-450,477,-408,96,649,-232,494,63,-281,0,0
7,82,502,-616,307,-25,-366,-450,472,-417,94,649,-232,494,63,-282,0,0
7,83,504,-616,314,-34,-364,-442,467,-413,93,649,-232,491,63,-281,0,0
7,84,503,-613,313,-30,-356,-444,469,-409,107,649,-232,489,63,-273,0,0
7,85,504,-613,308,-26,-357,-448,476,-401,125,649,-232,483,63,-275,0,0
7,86,505,-614,311,-30,-355,-445,479,-384,119,649,-232,479,63,-284,0,0
7,87,502,-615,313,-32,-351,-443,473,-389,101,649,-232,482,63,-282,0,0
7,88,502,-615,306,-30,-356,-446,466,-414,97,649,-232,486,63,-277,0,0
7,89,508,-612,310,-28,-357,-445,467,-424,101,649,-232,482,63,-280,0,0
7,90,507,-610,317,-28,-358,-443,485,-408,100,649,-232,483,63,-281,0,0
7,91,502,-614,310,-30,-360,-442,502,-394,97,649,-232,485,63,-278,0,0
7,92,505,-616,309,-30,-355,-443,490,-403,97,649,-232,485,63,-279,0,0
7,93,510,-614,314,-32,-354,-448,470,-417,100,649,-232,490,63,-283,0,0
7,94,506,-616,313,-32,-360,-451,473,-405,100,649,-232,490,63,-284,0,0
7,95,499,-616,311,-32,-358,-448,481,-385,100,649,-232,485,63,-282,0,0
7,96,498,-614,311,-29,-353,-447,469,-387,100,649,-232,485,63,-278,0,-1
7,97,503,-614,309,-26,-357,-447,470,-384,100,649,-232,490,63,-277,0,0
7,98,509,-615,310,-29,-361,-448,495,-364,100,649,-232,488,63,-282,0,0
7,99,507,-615,314,-31,-358,-442,502,-369,100,649,-232,489,63,-285,0,0
7,100,499,-615,313,-29,-356,-439,481,-401,100,649,-232,493,63,-283,0,0
7,101,499,-614,307,-29,-359,-445,462,-425,100,649,-232,487,63,-279,0,0
7,102,503,-613,308,-31,-358,-452,466,-418,100,649,-232,481,63,-278,0,0
7,103,502,-614,315,-31,-354,-447,475,-395,100,649,-232,488,63,-279,0,0
7,104,497,-614,313,-29,-360,-442,474,-382,100,649,-232,498,63,-280,0,0
7,105,500,-613,308,-31,-369,-444,482,-373,100,649,-232,493,63,-285,0,0
7,106,503,-614,309,-32,-364,-445,495,-374,100,649,-232,489,63,-286,0,0
8,107,500,-616,313,-30,-355,-445,496,-377,100,649,-232,496,63,-278,0,0
8,108,501,-614,313,-30,-354,-443,496,-360,100,649,-232,496,63,-275,0,0
8,109,504,-614,312,-34,-361,-443,493,-357,100,649,-232,485,63,-279,0,0
8,110,502,-616,313,-31,-361,-450,488,-383,100,649,-232,479,63,-282,0,0
8,111,499,-613,315,-29,-352,-451,496,-392,100,649,-232,486,63,-281,0,0
8,112,499,-611,313,-32,-357,-446,495,-391,100,649,-232,495,63,-281,0,0
8,113,503,-614,310,-31,-368,-445,475,-409,100,649,-232,490,63,-280,0,0
8,114,509,-616,312,-25,-363,-445,473,-420,100,649,-232,482,63,-282,0,0
8,115,505,-615,313,-24,-354,-441,481,-410,100,649,-232,485,63,-283,0,0
8,116,497,-612,311,-26,-353,-442,476,-387,100,649,-232,484,63,-280,0,0
8,117,505,-608,313,-30,-355,-446,472,-384,100,649,-232,482,63,-281,0,0
8,118,510,-612,314,-32,-356,-444,466,-407,100,649,-232,489,63,-278,-1,0
8,119,500,-617,312,-30,-352,-443,477,-404,100,649,-232,489,63,-278,-1,0
8,120,501,-616,310,-31,-352,-445,498,-375,100,649,-232,484,63,-281,-1,0
8,121,512,-617,311,-31,-355,-450,491,-377,100,649,-232,490,63,-281,-1,0
8,122,512,-618,313,-30,-354,-453,470,-407,100,649,-232,494,63,-281,-1,0
8,123,505,-615,313,-28,-357,-446,468,-417,100,649,-232,491,63,-282,0,0
8,124,505,-612,311,-27,-364,-440,481,-383,100,649,-232,490,63,-281,-1,0
8,125,505,-613,308,-31,-357,-446,485,-365,100,649,-232,486,63,-279,0,0
8,126,499,-615,311,-32,-351,-448,476,-401,100,649,-232,486,63,-278,0,0
8,127,500,-615,309,-29,-357,-444,471,-410,100,649,-232,490,63,-278,0,0
8,128,507,-614,304,-31,-354,-442,474,-389,100,649,-232,488,63,-278,0,0
8,0,505,-614,308,-33,-348,-442,476,-399,100,649,-232,483,63,-278,0,0
8,1,498,-613,310,-33,-353,-444,481,-395,100,649,-232,485,63,-283,0,0
8,2,499,-610,308,-28,-355,-448,479,-375,100,649,-232,491,63,-288,0,0
8,3,502,-614,310,-20,-353,-446,470,-395,100,649,-232,492,63,-276,0,0
8,4,502,-617,313,-25,-352,-445,485,-412,100,649,-232,489,63,-268,0,0
8,5,502,-609,310,-33,-354,-451,491,-401,100,649,-232,486,63,-278,0,0
8,6,503,-605,308,-30,-356,-452,473,-395,100,649,-232,486,63,-279,0,0
8,7,502,-615,311,-28,-358,-444,476,-375,100,649,-232,489,63,-272,0,0
8,8,501,-618,311,-32,-359,-443,486,-359,100,649,-232,491,63,-278,0,0
8,9,505,-614,306,-32,-357,-450,475,-383,100,649,-232,484,63,-285,0,0
8,10,509,-614,303,-27,-356,-452,470,-392,100,649,-232,482,63,-280,0,0
8,11,506,-612,307,-29,-357,-447,474,-377,100,649,-232,491,63,-277,0,0
8,12,502,-613,308,-30,-355,-445,478,-394,100,649,-232,487,63,-276,0,0
8,13,503,-616,308,-29,-354,-446,499,-413,100,649,-232,486,63,-280,0,0
8,14,504,-616,314,-30,-359,-444,504,-391,100,649,-232,500,63,-283,0,0
8,15,500,-613,314,-25,-361,-443,478,-376,100,649,-232,490,63,-279,0,0
8,16,502,-613,310,-20,-358,-443,478,-381,100,649,-232,478,63,-277,0,0
8,17,504,-613,311,-27,-357,-444,484,-391,99,649,-232,491,63,-278,0,0
8,18,502,-612,312,-33,-353,-446,470,-399,100,649,-232,492,63,-278,0,0
8,19,503,-616,311,-32,-348,-448,483,-386,103,649,-232,481,63,-281,0,0
8,20,508,-615,311,-29,-356,-447,507,-371,98,649,-232,487,63,-283,-1,0
8,21,506,-613,310,-25,-362,-443,509,-369,99,649,-232,490,63,-282,0,0
8,22,504,-616,307,-22,-353,-442,509,-369,121,649,-232,485,63,-284,-1,0
8,23,511,-615,308,-31,-354,-445,496,-386,121,649,-232,492,63,-283,0,0
8,24,509,-611,309,-33,-359,-449,465,-411,97,649,-232,492,63,-279,-1,0
8,25,503,-614,307,-31,-356,-450,477,-396,95,649,-232,488,62,-280,-1,0
8,26,502,-617,308,-33,-354,-449,504,-373,104,649,-232,497,61,-282,0,0
8,27,501,-614,312,-34,-357,-446,485,-384,100,651,-232,499,60,-282,0,0
8,28,503,-614,312,-32,-359,-445,469,-386,98,653,-232,483,60,-282,0,0
8,29,506,-617,307,-31,-358,-445,480,-386,102,657,-232,482,60,-281,0,0
8,30,509,-617,306,-29,-363,-446,483,-388,99,650,-232,493,60,-279,0,0
8,31,512,-617,310,-31,-363,-447,490,-378,98,639,-232,489,60,-278,0,0
8,32,507,-617,307,-34,-354,-448,503,-392,99,645,-232,482,60,-277,0,0
8,33,506,-615,304,-27,-352,-447,503,-417,100,655,-232,487,63,-280,0,0
8,34,510,-617,310,-21,-364,-449,502,-410,100,652,-232,495,64,-286,0,0
8,35,506,-615,317,-30,-365,-452,499,-392,100,649,-232,492,62,-285,0,0
8,36,501,-611,314,-37,-352,-451,477,-395,100,651,-232,485,62,-279,0,0
8,37,500,-614,314,-31,-354,-447,467,-399,100,650,-232,482,63,-275,0,0
8,38,505,-617,316,-27,-358,-442,488,-391,100,650,-232,487,63,-280,0,0
8,39,511,-612,310,-28,-356,-445,504,-385,100,652,-232,491,63,-285,0,0
8,40,509,-613,305,-28,-361,-450,504,-382,100,651,-232,489,63,-279,0,0
8,41,499,-615,309,-29,-365,-446,496,-385,100,651,-232,492,63,-275,0,0
8,42,502,-614,311,-29,-359,-451,480,-383,100,651,-232,500,63,-281,-1,0
8,43,508,-612,309,-30,-352,-457,471,-383,100,651,-232,496,63,-284,-1,0
8,44,504,-613,307,-31,-352,-448,473,-387,100,654,-232,486,63,-282,-1,0
8,45,503,-613,303,-29,-355,-442,477,-375,100,655,-232,486,63,-283,-1,0
8,46,503,-610,306,-30,-353,-447,478,-379,100,656,-232,491,63,-284,-1,0
8,47,500,-611,312,-31,-349,-447,484,-405,99,654,-232,486,63,-282,-1,0
8,48,503,-612,310,-28,-355,-446,481,-413,99,652,-232,485,63,-280,-1,0
8,49,506,-613,307,-30,-357,-447,468,-412,102,651,-232,491,63,-279,-1,0
8,50,503,-615,311,-32,-351,-442,480,-413,101,651,-232,483,63,-279,-1,0
8,51,501,-615,313,-26,-355,-442,510,-392,96,652,-232,477,63,-283,0,0
8,52,505,-613,309,-28,-364,-445,504,-378,112,651,-232,483,63,-285,-1,0
8,53,502,-613,311,-32,-362,-446,474,-391,130,651,-232,481,63,-279,0,0
8,54,499,-614,313,-25,-356,-447,482,-393,113,654,-232,477,63,-275,0,0
8,55,505,-612,312,-24,-353,-445,508,-378,91,652,-232,487,63,-279,0,0
8,56,508,-615,311,-32,-356,-441,494,-377,97,649,-232,489,63,-282,0,0
8,57,500,-619,309,-30,-356,-443,468,-393,102,650,-232,483,63,-281,0,0
8,58,501,-616,307,-26,-354,-447,466,-404,96,652,-232,489,63,-281,0,0
8,59,509,-613,309,-29,-358,-444,479,-399,97,653,-232,490,63,-280,0,0
8,60,508,-614,309,-31,-362,-444,479,-402,99,655,-232,484,63,-275,0,0
8,61,504,-615,306,-30,-359,-447,472,-416,99,653,-232,488,63,-276,0,0
8,62,506,-614,308,-31,-357,-446,474,-409,101,649,-232,490,63,-281,0,0
8,63,503,-615,307,-30,-359,-442,486,-390,101,650,-232,483,63,-283,0,0
8,64,501,-619,306,-29,-360,-442,497,-386,100,652,-232,483,63,-280,0,0
8,65,503,-616,311,-30,-357,-442,493,-380,100,651,-232,484,63,-282,0,0
8,66,505,-609,314,-29,-356,-444,475,-385,100,651,-232,488,63,-288,0,0
8,67,505,-613,311,-30,-359,-447,468,-413,100,651,-232,491,63,-281,0,0
8,68,505,-618,307,-32,-358,-448,474,-426,100,651,-232,486,63,-274,0,0
8,69,504,-613,306,-30,-358,-448,473,-420,100,651,-232,485,63,-276,0,0
8,70,506,-612,309,-27,-357,-443,469,-420,100,651,-232,490,59,-278,0,0
8,71,504,-617,309,-28,-354,-439,472,-417,100,652,-232,487,58,-277,0,0
8,72,500,-614,305,-30,-358,-448,474,-405,100,651,-232,482,62,-281,0,0
8,73,501,-611,307,-34,-363,-456,472,-408,100,652,-232,488,64,-284,0,0
8,74,504,-618,311,-31,-356,-449,471,-411,100,655,-232,492,63,-279,0,0
8,75,504,-622,311,-27,-351,-440,476,-396,100,652,-232,486,63,-279,0,0
8,76,505,-617,308,-30,-357,-443,479,-392,100,648,-232,484,64,-282,0,0
8,77,508,-614,307,-23,-354,-448,472,-408,100,650,-232,490,64,-279,0,0
8,78,506,-615,312,-17,-350,-452,469,-413,100,652,-232,491,63,-276,0,0
8,79,501,-615,312,-28,-355,-454,477,-408,100,651,-232,483,63,-278,0,0
8,80,502,-611,308,-33,-363,-450,477,-412,100,651,-232,482,63,-277,0,0
8,81,508,-612,309,-26,-360,-446,467,-419,100,651,-232,484,63,-276,0,0
8,82,506,-614,312,-27,-350,-445,468,-414,100,651,-232,488,63,-282,0,0
8,83,502,-613,313,-33,-351,-448,475,-407,100,651,-232,492,63,-284,0,0
8,84,505,-615,313,-29,-357,-448,475,-404,100,651,-232,490,63,-281,0,0
8,85,507,-616,308,-26,-358,-450,470,-412,100,651,-232,485,63,-281,0,0
8,86,504,-615,302,-27,-357,-450,455,-434,100,651,-232,483,63,-283,0,0
8,87,498,-614,308,-31,-356,-444,448,-450,100,651,-232,487,63,-281,0,0
8,88,501,-613,313,-30,-352,-441,465,-448,100,651,-232,493,63,-277,0,0
8,89,506,-616,312,-28,-354,-445,474,-444,100,651,-232,492,63,-277,0,0
8,90,504,-619,307,-30,-360,-445,465,-443,100,651,-232,484,63,-277,-1,0
8,91,500,-617,306,-30,-354,-443,467,-420,100,651,-232,486,63,-277,0,0
8,92,501,-618,308,-28,-353,-445,473,-384,100,651,-232,492,63,-279,-1,0
8,93,507,-619,312,-27,-356,-447,469,-375,100,651,-232,486,63,-278,0,0
8,94,509,-615,312,-29,-357,-445,465,-392,100,651,-232,480,63,-277,0,0
8,95,505,-614,310,-33,-356,-445,470,-385,100,651,-232,485,63,-279,0,0
8,96,503,-617,312,-33,-356,-440,477,-371,100,651,-232,487,63,-282,-1,0
8,97,504,-618,310,-25,-356,-440,476,-407,100,651,-232,480,63,-282,0,0
8,98,503,-619,305,-22,-360,-450,471,-448,100,651,-232,480,63,-279,0,0
8,99,501,-618,305,-28,-358,-451,475,-430,100,651,-232,485,63,-279,0,0
8,100,504,-614,309,-33,-352,-442,487,-398,100,651,-232,485,63,-282,0,0
8,101,504,-618,313,-32,-364,-443,500,-387,100,651,-232,483,63,-282,0,0
8,102,501,-619,313,-25,-367,-448,499,-379,100,652,-232,485,63,-276,0,0
8,103,500,-612,306,-20,-349,-444,479,-382,100,654,-232,492,63,-273,0,0
8,104,501,-611,304,-25,-347,-442,466,-399,100,656,-232,493,63,-279,0,0
8,105,501,-614,310,-33,-362,-445,477,-398,100,655,-232,485,63,-284,0,0
8,106,502,-612,312,-35,-362,-448,486,-394,100,651,-232,483,63,-282,0,0
9,107,503,-609,308,-29,-353,-446,480,-410,100,650,-232,492,63,-277,0,0
9,108,504,-613,309,-23,-354,-444,471,-407,100,654,-232,490,63,-277,0,0
9,109,503,-619,309,-24,-357,-450,479,-372,100,653,-232,484,63,-279,0,0
9,110,504,-616,308,-32,-358,-449,488,-358,100,648,-232,485,63,-279,0,0
9,111,505,-611,312,-32,-359,-445,482,-389,100,650,-232,486,63,-280,0,0
9,112,502,-615,313,-26,-357,-443,467,-425,100,652,-232,485,63,-280,0,0
9,113,499,-618,311,-28,-353,-446,457,-441,100,651,-232,487,63,-280,0,0
9,114,502,-614,313,-29,-352,-451,458,-444,100,651,-232,484,63,-282,0,0
9,115,503,-614,313,-29,-356,-454,469,-431,100,651,-232,484,63,-281,0,0
9,116,500,-615,308,-31,-359,-449,478,-417,100,651,-232,490,63,-275,0,0
9,117,503,-615,306,-31,-356,-446,480,-411,100,651,-232,488,63,-277,0,0
9,118,507,-614,309,-32,-358,-448,485,-405,100,651,-232,484,63,-281,0,0
9,119,504,-614,309,-32,-361,-447,487,-393,100,651,-232,488,63,-277,0,0
9,120,497,-615,308,-29,-352,-447,480,-391,100,651,-232,486,63,-276,0,0
9,121,500,-613,309,-25,-346,-449,471,-407,100,651,-232,485,63,-282,0,0
9,122,505,-613,309,-26,-354,-450,467,-417,100,651,-232,487,63,-285,0,0
9,123,502,-615,308,-30,-355,-450,474,-422,100,651,-232,485,63,-280,0,0
9,124,499,-615,310,-34,-350,-449,477,-439,100,651,-232,482,63,-279,0,0
9,125,502,-613,314,-27,-353,-447,470,-451,100,651,-232,488,63,-281,0,0
9,126,505,-612,309,-20,-354,-448,481,-432,100,651,-232,503,63,-280,0,0
9,127,502,-613,303,-26,-353,-452,498,-407,100,651,-232,505,63,-277,0,0
9,128,503,-610,308,-26,-360,-453,484,-409,100,651,-232,491,63,-279,0,0
9,0,507,-610,313,-24,-361,-454,465,-416,100,651,-232,485,63,-281,-1,0
9,1,507,-615,311,-27,-356,-451,471,-412,100,651,-232,485,63,-279,0,0
9,2,505,-615,306,-23,-358,-444,473,-413,100,651,-232,485,63,-279,-1,0
9,3,503,-612,305,-20,-359,-443,467,-424,100,651,-232,486,63,-282,0,0
9,4,503,-613,306,-32,-352,-450,478,-417,100,651,-232,485,63,-281,0,0
9,5,503,-613,312,-36,-348,-448,487,-414,100,651,-232,480,63,-276,0,0
9,6,506,-612,316,-27,-356,-444,473,-432,100,651,-232,489,63,-277,0,0
9,7,510,-613,313,-31,-361,-450,482,-431,100,651,-232,495,63,-283,0,0
9,8,506,-612,309,-35,-358,-450,503,-408,100,651,-232,487,63,-279,0,0
9,9,500,-609,310,-28,-357,-442,489,-409,100,651,-232,482,63,-274,0,0
9,10,501,-610,314,-25,-358,-442,466,-429,100,651,-232,486,63,-277,0,0
9,11,502,-612,313,-28,-358,-444,474,-428,100,652,-232,489,63,-280,0,0
9,12,503,-615,312,-29,-361,-445,480,-426,100,651,-232,488,63,-282,0,0
9,13,507,-614,313,-30,-360,-450,467,-438,100,649,-232,483,63,-283,0,0
9,14,506,-610,313,-28,-353,-451,468,-431,100,648,-232,485,63,-281,0,0
9,15,503,-613,309,-22,-353,-447,474,-416,100,649,-232,490,63,-280,0,0
9,16,504,-616,307,-26,-356,-444,473,-415,100,650,-232,490,63,-282,0,0
9,17,506,-618,310,-32,-354,-443,470,-417,100,649,-232,483,63,-279,0,0
9,18,504,-618,309,-30,-356,-446,471,-408,100,649,-232,481,63,-279,0,0
9,19,503,-614,311,-25,-356,-450,476,-406,100,650,-232,486,63,-283,0,0
9,20,505,-615,312,-26,-353,-446,476,-412,100,650,-232,492,63,-281,0,0
9,21,508,-617,308,-26,-353,-444,475,-415,100,650,-232,491,63,-278,0,0
9,22,508,-613,307,-27,-353,-449,478,-412,100,650,-232,486,63,-284,0,0
9,23,502,-610,311,-31,-354,-451,478,-413,100,650,-232,482,63,-285,0,0
9,24,504,-610,312,-32,-356,-446,473,-432,100,649,-232,482,63,-280,0,0
9,25,511,-612,310,-33,-354,-442,476,-444,100,649,-232,482,63,-283,0,0
9,26,506,-616,310,-30,-349,-442,472,-444,100,650,-232,483,63,-285,0,0
9,27,501,-616,312,-27,-352,-446,461,-437,100,650,-232,488,63,-279,0,0
9,28,510,-610,310,-31,-363,-449,469,-407,100,649,-232,489,63,-280,0,0
9,29,516,-614,308,-28,-364,-448,480,-387,100,651,-232,486,63,-285,0,0
9,30,508,-618,310,-20,-354,-448,468,-412,100,654,-232,487,63,-282,0,0
9,31,502,-611,308,-23,-349,-452,468,-425,100,652,-232,488,63,-280,0,0
9,32,507,-611,301,-33,-357,-451,484,-411,100,649,-232,484,63,-285,0,0
9,33,513,-621,307,-34,-361,-447,465,-435,99,649,-232,484,63,-285,0,0
9,34,512,-620,318,-29,-357,-449,448,-446,99,649,-232,492,63,-278,0,0
9,35,506,-611,315,-30,-352,-446,483,-395,102,649,-232,491,63,-277,0,0
9,36,506,-612,307,-30,-354,-442,503,-373,99,648,-232,480,63,-281,0,0
9,37,510,-614,309,-33,-358,-443,475,-409,98,649,-232,483,63,-283,0,0
9,38,506,-612,313,-32,-358,-444,467,-427,115,654,-232,493,63,-283,0,0
9,39,501,-611,314,-30,-356,-447,479,-421,123,654,-232,484,63,-282,0,0
9,40,503,-613,310,-31,-358,-453,475,-420,105,651,-232,486,63,-279,0,0
9,41,508,-614,304,-33,-360,-453,489,-408,94,652,-232,508,63,-279,0,0
9,42,505,-616,306,-32,-357,-448,506,-400,101,651,-232,501,63,-279,0,0
9,43,502,-616,312,-34,-355,-449,484,-415,101,649,-232,479,63,-278,-1,0
9,44,505,-616,310,-31,-354,-450,469,-426,96,651,-232,480,63,-281,0,0
9,45,506,-614,308,-23,-355,-447,483,-419,97,652,-232,486,63,-284,-1,0
9,46,503,-608,310,-22,-351,-441,484,-414,99,651,-232,483,63,-282,0,0
9,47,503,-611,312,-30,-354,-443,470,-418,100,651,-232,483,63,-279,0,0
9,48,504,-616,310,-31,-361,-448,470,-420,100,651,-232,482,63,-281,-1,0
9,49,506,-615,308,-28,-358,-446,477,-406,100,652,-232,484,63,-281,0,0
9,50,510,-615,308,-31,-355,-445,478,-390,100,655,-232,486,63,-280,0,0
9,51,510,-616,309,-33,-357,-452,475,-396,100,653,-232,483,63,-281,0,0
9,52,510,-615,313,-30,-356,-451,467,-418,100,651,-232,487,63,-282,0,0
9,53,513,-612,312,-31,-355,-444,467,-421,100,651,-232,491,63,-283,0,0
9,54,508,-614,307,-35,-357,-442,489,-398,100,652,-230,486,63,-281,0,0
9,55,499,-615,310,-27,-355,-446,507,-385,100,651,-228,487,63,-277,0,0
9,56,502,-614,314,-18,-356,-448,501,-387,100,651,-229,489,63,-276,0,0
9,57,509,-612,308,-26,-356,-448,498,-384,100,653,-229,484,63,-282,0,0
9,58,504,-612,308,-28,-350,-448,509,-387,99,654,-228,485,63,-282,0,0
9,59,503,-615,317,-27,-353,-449,499,-409,100,651,-230,489,63,-272,0,0
9,60,508,-614,314,-28,-356,-450,470,-419,102,649,-232,485,63,-274,0,0
9,61,509,-611,308,-23,-351,-450,478,-398,98,649,-229,483,63,-285,0,0
9,62,508,-613,310,-22,-352,-449,499,-386,101,650,-229,484,63,-286,0,0
9,63,505,-614,310,-33,-359,-450,490,-402,121,649,-232,483,63,-279,0,0
9,64,506,-613,310,-37,-361,-447,477,-412,124,649,-233,484,63,-279,0,0
9,65,507,-613,311,-28,-358,-445,488,-399,101,649,-232,485,63,-282,-1,0
9,66,502,-613,311,-26,-354,-450,501,-381,92,650,-232,484,63,-281,-1,0
9,67,499,-615,310,-28,-354,-450,502,-375,102,649,-232,486,63,-279,-1,0
9,68,503,-612,311,-31,-358,-443,485,-385,101,649,-232,488,63,-279,-1,0
9,69,508,-608,313,-30,-358,-446,471,-389,96,653,-232,483,64,-280,-1,0
9,70,508,-612,316,-28,-355,-451,478,-379,97,656,-232,479,63,-278,-1,0
9,71,506,-618,313,-33,-352,-448,480,-391,96,651,-232,484,63,-278,-1,0
9,72,506,-617,307,-33,-350,-449,468,-419,98,650,-232,485,65,-282,-1,0
9,73,505,-615,309,-30,-358,-449,474,-418,99,654,-232,478,63,-284,0,0
9,74,505,-614,310,-29,-361,-446,497,-407,92,653,-232,480,57,-280,0,0
9,75,504,-610,309,-30,-353,-444,501,-413,103,652,-232,488,58,-277,-1,0
9,76,501,-611,312,-32,-357,-444,488,-410,127,654,-232,491,62,-281,0,0
9,77,504,-616,313,-31,-361,-444,492,-391,119,652,-232,492,62,-280,0,0
9,78,507,-614,312,-29,-352,-443,496,-385,93,652,-232,489,62,-275,0,0
9,79,504,-610,308,-33,-347,-442,478,-391,102,653,-232,483,63,-280,0,0
9,80,503,-615,305,-34,-352,-445,478,-390,128,649,-232,484,62,-284,0,0
9,81,503,-622,308,-28,-359,-450,502,-383,117,649,-232,490,62,-278,0,0
9,82,501,-619,312,-32,-357,-451,488,-387,94,652,-232,486,64,-278,0,0
9,83,506,-614,311,-32,-353,-450,464,-389,94,651,-232,477,63,-283,0,0
9,84,510,-614,310,-21,-358,-449,483,-386,99,651,-232,480,63,-277,0,0
9,85,500,-615,311,-22,-363,-450,501,-394,95,651,-232,483,63,-279,0,0
9,86,499,-611,313,-32,-355,-453,487,-410,94,651,-232,478,63,-287,0,0
9,87,510,-609,313,-35,-355,-450,472,-421,98,651,-232,480,63,-275,0,0
9,88,510,-610,312,-28,-361,-447,476,-406,97,652,-232,487,63,-268,0,0
9,89,504,-615,311,-21,-352,-448,493,-372,97,652,-232,489,63,-280,0,0
9,90,503,-618,310,-24,-349,-445,504,-351,97,651,-232,487,63,-282,0,0
9,91,503,-615,309,-33,-361,-445,500,-356,97,651,-232,481,63,-276,-1,0
9,92,502,-611,312,-34,-359,-451,497,-360,97,651,-232,484,63,-281,0,0
9,93,502,-612,315,-27,-353,-451,504,-353,97,651,-232,493,63,-286,0,0
9,94,502,-609,312,-24,-359,-448,498,-366,97,651,-232,490,63,-284,-1,0
9,95,504,-607,312,-26,-359,-453,494,-387,97,651,-232,481,63,-280,-1,0
9,96,506,-617,315,-30,-355,-451,507,-382,97,651,-232,478,63,-278,-1,0
9,97,506,-620,310,-34,-358,-445,509,-371,97,651,-232,482,63,-282,-1,0
9,98,503,-613,307,-31,-356,-448,502,-378,97,651,-232,489,63,-284,-1,0
9,99,503,-614,312,-23,-346,-448,504,-378,96,654,-232,491,63,-281,-1,0
9,100,504,-618,313,-24,-346,-442,505,-386,96,654,-232,486,63,-282,-1,0
9,101,507,-614,311,-28,-358,-445,496,-400,100,651,-232,488,63,-284,0,0
9,102,505,-611,307,-26,-364,-444,497,-378,95,651,-232,491,63,-281,-1,0
9,103,499,-615,303,-27,-358,-441,501,-357,94,651,-232,489,63,-280,-1,0
9,104,501,-618,307,-32,-354,-446,491,-391,115,651,-232,485,63,-280,0,0
9,105,506,-617,311,-33,-357,-452,492,-421,121,651,-232,485,63,-280,0,0
9,106,508,-616,306,-29,-356,-452,503,-409,98,651,-232,489,63,-281,0,0
